test_voltmap_1_2.asc
ncols         100
nrows         100
xllcorner     0.0
yllcorner     0.0
cellsize      0.01
NODATA_value  -9999
[rows 48 to 71 of 100, columns 0 to 54 of 100]
565.2529566 565.3736378 565.5673698 565.8355077 566.2693948 566.7661143 567.4171652 568.2336555 569.203576 570.2563113 571.4901744 572.8123193 574.2541767 575.7323883 577.2262455 578.8938591 580.6541141 582.4341799 584.281253 586.2903338 588.3949401 590.6090715 592.896546 595.1811435 597.5573513 599.9679488 602.5832443 605.4087221 608.2665052 611.1177062 614.0196954 616.8461802 619.6764072 622.6030296 625.6165885 628.7474408 631.9420876 635.3393766 638.4655416 641.6186369 645.1433206 648.5284774 651.7603004 655.0092855 658.2749316 661.6904624 665.3670105 668.9241771 672.4058231 675.7842443 679.2310958 682.8214359 686.4189069 689.7739107 693.1419074
560.7649881 560.7754609 560.847747 561.0821843 561.4769389 562.0388996 562.7566948 563.5839237 564.4944485 565.5076164 566.7564279 568.1410401 569.7008916 571.2941464 572.8187267 574.4678318 576.216151 577.9948695 579.8501511 581.8890427 583.9456957 586.2931346 588.680812 591.007786 593.401173 595.8117561 598.4764932 601.359715 604.2874597 607.2934649 610.2006272 613.026961 615.8554721 618.8218139 621.8643146 624.974225 628.0975358 631.5921801 634.957581 638.2241896 641.589452 644.8618642 648.1499422 651.5590162 654.8770493 658.2127931 661.8620893 665.4935855 669.0567837 672.4223112 675.7336957 679.1943032 682.8414704 686.3503793 689.7109014
555.698019 555.7968742 556.0158141 556.3239075 556.749831 557.3324808 558.0233327 558.855113 559.7356452 560.7076858 561.8855299 563.2976649 564.9131444 566.5976936 568.2210992 569.8477402 571.6493174 573.4871683 575.5000818 577.6051287 579.7316726 582.0558339 584.5221301 587.0704967 589.5906661 592.0023387 594.581783 597.2925984 600.1807353 603.3098518 606.3069579 609.2215733 612.1913466 615.1914093 618.2747239 621.4010375 624.4497971 627.7965749 631.2152078 634.6695407 638.0988758 641.3579885 644.6738088 648.1080411 651.410919 654.7714369 658.3719068 662.0116796 665.6677904 669.0724392 672.2678809 675.6211366 679.1188472 682.6541711 686.0227338
550.7612239 550.9557308 551.2557822 551.5408215 551.9728885 552.5943558 553.2756159 554.077051 555.0306608 556.080725 557.3125052 558.7146466 560.2395842 561.907764 563.6494472 565.4105392 567.1931233 569.0082136 571.085142 573.3227133 575.562773 577.890239 580.4230164 583.0716719 585.6381296 588.1070873 590.7178076 593.3905171 596.2120406 599.2557494 602.3689232 605.4541977 608.5470368 611.5255061 614.6673855 617.8873886 621.0056902 624.2709954 627.5719494 631.0333142 634.5384477 637.8711976 641.3068996 644.7381421 648.044329 651.4126226 654.876847 658.4278775 662.0893216 665.5282669 668.8198931 672.2207813 675.6000316 679.0333699 682.4749309
546.1545086 546.2475203 546.4315262 546.6889833 547.1465097 547.7924173 548.5112207 549.2582779 550.2439137 551.356664 552.6357627 553.9896762 555.4815701 557.1289445 558.9111777 560.7804358 562.601412 564.496842 566.5693425 568.7549508 571.0334487 573.3258119 575.8924538 578.6135 581.1740443 583.7508928 586.4563418 589.2437552 592.101791 595.158856 598.2860141 601.4453927 604.5937822 607.6805137 610.8868994 614.1399216 617.2906857 620.5688549 623.9408324 627.4797046 630.912829 634.2820988 637.8621513 641.2843145 644.6310852 648.1408244 651.5702168 655.0432327 658.6774465 662.1862512 665.5808773 668.9323448 672.25434 675.6224158 679.0332537
540.9528823 540.9402772 541.0690476 541.4488107 542.054204 542.8076282 543.5736216 544.4243306 545.4065356 546.5095244 547.6994666 548.9652894 550.3948303 552.0113883 553.8023324 555.7460111 557.6610722 559.5844971 561.6999398 563.9611966 566.3064675 568.6491656 571.2639687 574.1350239 576.8293179 579.3455042 581.9280427 584.8463556 587.885442 590.9038839 593.9682937 597.2104219 600.4876484 603.7114893 606.8980715 610.103892 613.4481025 616.8330247 620.1693585 623.7751907 627.2263179 630.5617094 634.0580991 637.4968033 641.0200667 644.6586769 648.258938 651.7536536 655.3022128 658.8535694 662.3244765 665.6762977 668.9131705 672.1454996 675.5208508
535.3376332 535.4040575 535.6250199 536.0947114 536.7744301 537.6308047 538.4278122 539.2731341 540.2447443 541.3653335 542.5680511 543.8756454 545.3124103 546.9144656 548.6677495 550.6708633 552.7642221 554.7644298 556.8359434 559.0649512 561.4446884 563.8844549 566.548292 569.372164 572.3752026 575.115233 577.7672671 580.5987874 583.605785 586.7179902 589.8242596 593.0070116 596.2838066 599.6809484 603.0631382 606.3131216 609.8093972 613.2337475 616.5595429 620.0896928 623.5928606 627.1079848 630.4982731 633.8613135 637.4920493 641.1315602 644.7591407 648.2311383 651.6988951 655.2452699 658.815762 662.2522959 665.4490468 668.6122421 672.0407519
529.7492262 529.8023608 530.0719416 530.5763018 531.2255584 531.9956958 532.8571535 533.7586654 534.8026339 535.9614666 537.3089368 538.7058383 540.1613621 541.7598595 543.4936553 545.4306402 547.594681 549.8397979 552.0528122 554.3570301 556.6843933 559.1836058 561.814284 564.5662907 567.7528619 570.8522111 573.7677367 576.5568032 579.4647652 582.6406619 585.8766899 589.076617 592.2659158 595.6693498 599.1993336 602.6026775 606.114618 609.5666816 612.9850003 616.4305923 619.8950984 623.5930828 626.9926205 630.3599591 634.0161826 637.5693698 641.195465 644.8157683 648.2941867 651.8379733 655.4373432 658.9733994 662.1896202 665.3008825 668.6667037
524.1082871 524.2314008 524.5925774 525.0691159 525.5551349 526.2331839 527.2384481 528.4129254 529.6076634 530.7862074 532.0175395 533.3976927 534.9638225 536.614025 538.4144509 540.2902523 542.3509075 544.687889 547.1616769 549.6086294 552.021037 554.7168423 557.3646456 560.0332437 562.9832077 566.1129807 569.37423 572.4135729 575.3948008 578.5160371 581.7382243 585.0934069 588.3293943 591.655748 595.1430077 598.6654889 602.309891 605.8089009 609.2685717 612.792557 616.2055001 619.8314522 623.3354062 626.8077792 630.5831865 634.133024 637.697474 641.3998735 644.9072989 648.4883853 652.1229939 655.7607655 659.0792221 662.2086396 665.4657349
518.3592235 518.5257267 518.9189987 519.410363 519.8975271 520.5732409 521.5898472 522.8532034 524.0738144 525.3932906 526.6451366 528.0789085 529.7100046 531.3983406 533.2376496 535.1316133 537.1484155 539.3530744 542.0176894 544.5696929 547.0498687 549.84295 552.635418 555.3361085 558.1792153 561.2186165 564.4822049 567.7602139 570.9215004 574.1173444 577.327638 580.8126895 584.2843538 587.6605505 591.1311085 594.656423 598.3880118 602.0256269 605.4962836 609.1307059 612.6659322 616.1833841 619.6178312 623.1748465 627.1312477 630.7437278 634.3176758 637.8879381 641.4365165 645.0151747 648.6537072 652.2530803 655.6975352 659.0257847 662.3139433
512.5704574 512.713457 512.999954 513.4319428 514.1098892 514.9030095 515.8800389 516.9726661 518.1370848 519.5141435 520.9393354 522.4882794 524.1305583 525.8756075 527.7572638 529.8670339 532.0956846 534.3175344 536.8381053 539.4211455 541.904591 544.617031 547.6529269 550.5296145 553.4345661 556.5248703 559.8182038 563.1048676 566.3520583 569.6911055 573.0383845 576.4317668 579.9118821 583.4178991 586.9767311 590.576837 594.2969779 598.0100351 601.5283359 605.1794653 608.9311813 612.4971413 615.9846368 619.5598338 623.4707388 627.2801728 630.8948317 634.4823138 638.1145794 641.6430875 645.2953916 648.774253 652.2850419 655.8175634 659.1577957
506.504345 506.5830991 506.8182348 507.3688915 508.1303617 509.0141567 510.0370066 511.1330981 512.2807235 513.5568981 514.9932791 516.6258068 518.3178035 520.2491384 522.2414461 524.3685626 526.6545429 529.1246518 531.7024888 534.3577456 536.970244 539.7872254 542.8871426 545.9284568 548.9413662 551.9471406 555.2672954 558.7404376 562.1712869 565.6419192 569.0324919 572.2954739 575.6460344 579.1317328 582.727535 586.4271478 590.1483424 593.9255999 597.4995826 601.2336435 605.12572 608.7125036 612.3037232 615.9490895 619.7482113 623.6445947 627.3083567 630.9990252 634.6831632 638.3557984 642.0111058 645.3983762 648.880833 652.503157 655.8336896
500.4184376 500.4698524 500.6614198 501.1027453 501.7782719 502.6565688 503.7159144 504.8404001 506.0809544 507.3840284 508.8381447 510.5208216 512.3281803 514.4410691 516.5947363 518.8195736 521.0736644 523.537437 526.1740345 528.9755455 531.798666 534.7906599 538.0021351 541.293685 544.3977025 547.4182713 550.6317551 554.1572883 557.7464991 561.3816903 564.9223748 568.264749 571.6055564 575.0618625 578.7081505 582.3953404 586.2186069 590.1202858 593.6638124 597.4114413 601.3702646 604.9268774 608.6006579 612.3496068 616.2127802 620.0327001 623.7642202 627.5417582 631.2436617 634.9912655 638.6698798 642.0741108 645.3936976 648.8403438 652.3282934
494.3009545 494.4577368 494.6852689 494.9225239 495.389027 496.2049931 497.2687499 498.3402292 499.6382073 500.9906673 502.6014906 504.4680511 506.4749935 508.5567985 510.8570411 513.4037824 515.8074872 518.227779 520.8991738 523.7566163 526.6771376 529.6570071 532.8208288 536.1736459 539.5480193 542.7330083 545.8761558 549.2638174 552.8501681 556.6136524 560.3364477 564.0043273 567.5757501 571.1263855 574.8390363 578.5486169 582.3667459 586.3633738 590.0216224 593.8253102 597.7147945 601.3565825 605.0379974 608.8392288 612.7476134 616.4683899 620.2759619 624.1663284 627.9171281 631.6475419 635.3242074 638.8982367 642.1679996 645.4563448 649.0377465
487.8810551 488.0634876 488.3896044 488.6929378 489.1429377 489.8221358 490.7158482 491.8165162 493.2079877 494.7783211 496.4376694 498.2373374 500.3297956 502.5726872 504.8803935 507.3622971 509.8301694 512.5221314 515.4069014 518.4160723 521.4494156 524.3660971 527.480967 530.8721878 534.3626976 537.7619633 541.0968799 544.4876042 547.965041 551.7773914 555.6497797 559.4028597 563.1045497 566.825364 570.6936756 574.5990617 578.4942826 582.4344024 586.2277473 590.0401098 593.8848546 597.8106983 601.5490737 605.366066 609.3318424 613.0883003 616.8880124 620.8620846 624.6454379 628.3481447 631.9740798 635.7528387 639.2241849 642.4731521 645.9110423
481.3022898 481.3356154 481.6410371 482.2180575 482.7959165 483.295047 483.9977742 485.1663151 486.6984421 488.4509709 490.186903 491.8742016 493.8878046 496.1277414 498.5352266 501.1604627 503.809011 506.5774514 509.4507287 512.4725778 515.6978852 518.9411938 522.1707116 525.5357351 529.0610684 532.6089681 536.2652861 539.8433382 543.2534652 547.0129857 550.9496964 554.6487202 558.4854319 562.4448073 566.374767 570.3626075 574.4562913 578.3293536 582.1477943 586.029351 590.0222279 594.1078423 597.9574314 601.867224 605.8619965 609.6535783 613.5021037 617.4703447 621.270822 625.0182845 628.7218878 632.5315276 636.1204192 639.477515 642.8505959
474.5338625 474.5567268 474.7434484 475.2594337 475.9372666 476.5736459 477.4488529 478.6704175 480.109049 481.62627 483.412926 485.3294755 487.4534715 489.6835216 492.1283108 494.9039996 497.8739328 500.7523319 503.6160395 506.6381548 509.9953372 513.4556059 516.7871826 520.1134315 523.5924991 527.1673828 531.0607787 535.0299851 538.6280115 542.3459993 546.2676853 550.1287883 554.0891406 558.1573858 562.0903322 566.0141455 570.2921851 574.5463028 578.5317319 582.4071147 586.4529954 590.4478905 594.3020713 598.2542572 602.1499604 606.0300345 610.0863411 614.1330143 618.007488 621.743953 625.4750102 629.1642807 632.8447345 636.4518998 639.9492673
467.3465911 467.3701625 467.4509768 467.8127526 468.6014483 469.7033295 470.8280879 472.0493568 473.2541399 474.7294407 476.5185019 478.5968868 480.7883401 483.179744 485.7367213 488.4831878 491.5076452 494.5966432 497.5827201 500.7215579 504.0028778 507.4765717 511.2195671 514.8777041 518.4504859 521.9129674 525.7653283 529.8997526 533.8449068 537.8701645 541.8442083 545.6898747 549.6160101 553.7707772 557.8908018 561.8855504 566.2285094 570.7267925 574.8118765 578.7376978 582.8941837 586.9149953 590.7345589 594.6575605 598.5342153 602.4804031 606.675745 610.871749 614.7720868 618.435014 622.19132 625.9106263 629.6846177 633.2862032 636.8191425
459.3357708 459.4131114 459.6974316 460.2220505 460.9551978 462.0700687 463.3656655 464.613465 465.9453905 467.569315 469.5028446 471.7338674 473.9393057 476.4343673 479.1818111 482.0391683 485.1263062 488.4315938 491.5756218 494.8518267 498.2128492 501.7237548 505.5277417 509.6267294 513.4593223 517.0977058 520.9535956 524.9625791 529.0432715 533.3502702 537.4643372 541.3776425 545.3965527 549.6029434 553.8114555 557.872965 562.0969862 566.5360919 570.8149629 574.9394301 579.1554598 583.3615838 587.3932947 591.4124077 595.2779375 599.065018 603.0694322 607.3630703 611.3017079 615.0389082 618.9587087 622.7388713 626.5547338 630.1735129 633.7553057
451.1829718 451.5117069 452.0298641 452.5333877 453.1150041 453.9371069 455.1868236 456.7076395 458.4359198 460.176418 462.1489354 464.5852637 467.0923964 469.5742802 472.3245128 475.2608255 478.4783448 481.9876116 485.4159432 488.9923326 492.6786521 496.270672 499.9015182 504.0320344 508.2020841 512.2163351 516.2205969 520.1696811 524.2617471 528.7208663 532.9895763 537.0919735 541.2994339 545.5401131 549.7108937 553.8669382 558.111557 562.4298824 566.8400868 571.1542883 575.4277254 579.7457591 583.9461319 588.0943138 592.1321028 595.9398545 599.6841569 603.8928909 607.9526766 611.7614424 615.7521729 619.6840938 623.6051699 627.2358576 630.8192675
443.2174886 443.447745 444.0004399 444.6637001 445.3729153 446.1642434 447.2834385 448.8108108 450.8209561 452.8756201 454.8921308 457.1529854 459.7781694 462.4172412 465.2577755 468.3497928 471.7213492 475.3129024 479.0047659 482.7022846 486.742808 490.5335987 494.4091912 498.4388564 502.5329023 506.6545796 510.9684873 515.2416292 519.5769315 524.0098793 528.3832277 532.7069157 537.0725526 541.4091156 545.635499 549.9448301 554.3493248 558.6196323 563.0079281 567.4669873 571.9135625 576.1188008 580.2653697 584.586389 588.8768626 592.8312869 596.7124296 600.9404115 604.9374515 608.7232435 612.6578268 616.7114667 620.6943254 624.3539313 627.9215343
435.3058179 435.4766832 435.875195 436.6314561 437.5117587 438.4217895 439.5399174 441.1330655 443.0737728 445.1886428 447.3204476 449.5734141 452.1308236 454.8424421 457.8881989 461.3234505 464.9026235 468.7528374 472.5741517 476.4391255 480.5045169 484.4579707 488.3830632 492.6435272 497.0794748 501.4508273 505.7793645 510.1469919 514.7046723 519.181794 523.661194 528.2259121 532.7539046 537.2840566 541.5547703 545.8754556 550.40749 554.9247973 559.3735633 563.8741014 568.4745371 572.743463 576.8803228 581.2077526 585.508325 589.513169 593.58114 597.9935762 602.0409517 605.8444435 609.7597753 613.8720496 617.8370001 621.5078981 624.9670918
427.0297202 427.3288475 427.759653 428.3870074 429.276128 430.4075319 431.6717266 433.2901712 435.126683 437.2536956 439.5900257 442.0475043 444.7007309 447.4546886 450.4930531 454.0011662 457.7020498 461.7973515 465.9703864 470.0304327 474.2102639 478.4833147 482.6212824 486.9914422 491.7098816 496.3962569 500.7380357 505.0707837 509.6576436 514.3152589 518.9369369 523.6582468 528.3793487 533.1599472 537.6579922 541.993654 546.5247273 551.1104975 555.6550077 560.2160383 565.013714 569.4921509 573.674338 578.0112631 582.3628942 586.309176 590.3905208 594.8633256 599.087217 602.9040561 606.7628636 610.8763818 614.8265973 618.5831292 622.1501672
418.5055089 418.7209865 419.2234193 419.8984824 420.8980506 422.1274402 423.4944721 425.103793 426.9926709 429.1253506 431.5071101 434.3492257 437.3369034 440.107889 443.0850831 446.5302509 450.3606146 454.404291 458.8081853 463.2466297 467.7994501 472.432308 476.790327 481.0629358 485.8162657 490.7055552 495.544674 500.1726994 504.6667317 509.456927 514.3008158 519.2376952 524.1425116 529.0732527 533.7888058 538.3596288 542.8405359 547.3690061 551.984782 556.602383 561.4489494 566.0665406 570.4921335 574.9233262 579.1484585 583.1723859 587.3700026 591.6109335 595.9231222 599.8632847 603.7250249 607.8924337 611.9587159 615.8910931 619.5709471
