test_cum_curmap.asc
ncols         100
nrows         100
xllcorner     0.0
yllcorner     0.0
cellsize      0.01
NODATA_value  -9999
[rows 0 to 21 of 100, columns 50 to 99 of 100]
0.008258423647 0.008275200506 0.009181115843 0.008325248756 0.008907600711 0.009749164184 0.009773239958 0.009826482254 0.01041199395 0.01038063926 0.01031151804 0.0117109453 0.01135343797 0.0120859308 0.01151722419 0.01220504193 0.01294976521 0.01284659003 0.01376337549 0.01349267745 0.01464361248 0.01409241074 0.01460149072 0.01541870662 0.01640817707 0.01778127465 0.01682203569 0.01919287186 0.01873629501 0.0202898347 0.01997443587 0.02056901933 0.01991943752 0.02102803185 0.02031656288 0.01912350722 0.01813824032 0.01632764696 0.01514121448 0.01201442474 0.01050496554 0.008365585691 0.006101935844 0.004028366736 0.002646635685 0.001468086709 0.0006653874986 0.0002108496304 5.662955162e-05 1.211211871e-05
0.01180700342 0.01288361818 0.01271908694 0.01441087495 0.01333994429 0.01271028325 0.01339607382 0.01422827357 0.01459872429 0.01486245547 0.01517403805 0.01534661077 0.01779014783 0.01673476112 0.01734450587 0.01862924381 0.01978609125 0.01998082435 0.01834684383 0.02085699337 0.01914188518 0.0220528466 0.02339569732 0.02352788459 0.02555808984 0.02345751807 0.02658667703 0.02514931242 0.02713126398 0.02622772202 0.02635076153 0.02882435684 0.03299575897 0.03114194361 0.03089976086 0.02840934192 0.02721803893 0.02477695835 0.02205796012 0.01869696438 0.01481860285 0.01203582537 0.009122670488 0.006392910309 0.003730448737 0.002180200186 0.001090669875 0.000460146784 0.0001644236639 5.624343592e-05
0.01197296643 0.0129630003 0.01297788518 0.01229954416 0.01353992487 0.01414521737 0.01366207104 0.01405504798 0.01460217323 0.01491307691 0.01677443902 0.01668835736 0.01562669045 0.01761944368 0.02011641384 0.01928627049 0.01856287066 0.01883506036 0.02220131146 0.01989401682 0.02225860831 0.02228307905 0.0230981805 0.02570961258 0.0235398665 0.02597911087 0.02586423721 0.02613183915 0.02643774228 0.02681954107 0.03174314757 0.03088214693 0.02776323032 0.02809036009 0.02876062438 0.03025646708 0.02604081303 0.02772638539 0.02394102445 0.02349601234 0.0175075219 0.01282986958 0.009251132282 0.006486614383 0.00492598355 0.002780008786 0.001532265337 0.000904806837 0.0004235683981 0.0001914638429
0.01262604147 0.01255120743 0.01267430173 0.01347883932 0.01348276866 0.01344066471 0.01387279722 0.01592088441 0.01469430281 0.01626130766 0.0152443876 0.01608030815 0.01719278332 0.01755571927 0.01756741145 0.01965243502 0.0185977396 0.01890528779 0.01997108611 0.02220320849 0.02236063 0.02249158851 0.02432952035 0.02322621667 0.02447073609 0.02421010609 0.02607956128 0.02698728148 0.02783562188 0.02887844869 0.0272080094 0.02896530686 0.02875282745 0.02854903152 0.03044115805 0.03217058962 0.03340518692 0.02755783435 0.02768647045 0.02164227681 0.0193942575 0.01463174099 0.01234223568 0.008380442778 0.005760555219 0.00396578195 0.002637091572 0.001351717828 0.000985838973 0.0006029887281
0.01325871469 0.01287706723 0.01232016239 0.01285189504 0.01330383084 0.0136313895 0.01593980567 0.01440626179 0.01593773383 0.01458960071 0.01750799028 0.01785717052 0.01723508238 0.01772840658 0.01893383808 0.01869422102 0.01944813312 0.02161059895 0.0205085805 0.02010611326 0.02316509699 0.02397316095 0.02271439985 0.02303911451 0.02380133036 0.02641273967 0.02636639937 0.02703419286 0.02788653882 0.03189698285 0.03127374002 0.0288863997 0.02959510295 0.02992919753 0.03153554349 0.03275864071 0.03303797181 0.03322723014 0.03112812423 0.02621897723 0.0228875545 0.01931405081 0.01472982539 0.01107498818 0.00869571656 0.005947471747 0.003651159535 0.002869194387 0.002076319966 0.001283795937
0.01199098081 0.01230238249 0.01283153303 0.01225147926 0.01278324952 0.01457384589 0.01462123596 0.01551277004 0.01472646416 0.01682064544 0.01628338601 0.01649649772 0.01760207593 0.01838404971 0.01819790013 0.01849923563 0.01940665891 0.02069606905 0.02097724442 0.02327379442 0.02128885098 0.02382077413 0.02358091504 0.02524366829 0.02651565768 0.02579818614 0.02596734764 0.0293630622 0.03290877596 0.02870341601 0.02981970654 0.03127161515 0.03082379548 0.03315869636 0.03259885804 0.03495370269 0.04067091292 0.03793697173 0.03786644888 0.03336812464 0.02945954593 0.02551943077 0.01948180404 0.0159890779 0.01104207594 0.007601312599 0.00577627177 0.004266888746 0.003536898272 0.002426542344
0.01261604982 0.01234796877 0.01322929566 0.01426259426 0.01455444968 0.01490697958 0.01449551669 0.01499009014 0.01597497608 0.01729350097 0.01641823879 0.01725807027 0.01808865651 0.01846156853 0.01868196451 0.0174982377 0.01757820045 0.01891792834 0.02056727504 0.01994311298 0.02311354838 0.02252997102 0.02449689812 0.02374799133 0.02572208283 0.02654628314 0.0297627463 0.02961766069 0.0268033434 0.02897585157 0.03014403657 0.0310515506 0.03441257166 0.03513725962 0.03530057677 0.03725243351 0.04091587455 0.05037174267 0.05051365302 0.04718777568 0.04199424342 0.03764041765 0.03042765141 0.02104538265 0.01508314158 0.01022709669 0.008066244776 0.007526358252 0.006128537163 0.003752915852
0.01280555647 0.01380223063 0.01445660429 0.01392196508 0.01541484898 0.01421227345 0.01580530344 0.01520224951 0.01634336018 0.01547250448 0.01656241385 0.01648245955 0.01709165513 0.0169891995 0.01686578762 0.01792463533 0.02067241122 0.0199116764 0.01900989741 0.02222552408 0.02209849883 0.02227307186 0.02220913091 0.0253139269 0.02366880244 0.02648438659 0.02638788955 0.02611795461 0.02861212112 0.02957925926 0.03032719472 0.03505010032 0.03694711943 0.03788240371 0.03980536317 0.04421977938 0.04754881117 0.05377824029 0.0663020096 0.07404945781 0.06787536928 0.0578155531 0.04227167549 0.02535783882 0.01842979948 0.01519140131 0.01199306542 0.008874036024 0.008733393398 0.005886861551
0.01214203129 0.01319299053 0.01244942794 0.01440467973 0.01343492289 0.01394114453 0.01437060554 0.01470186706 0.01493665486 0.01534565045 0.01570790855 0.01590915004 0.01672730815 0.01693256841 0.01794402358 0.01932677341 0.01884374805 0.01982089628 0.02153931469 0.02063322935 0.02203286028 0.02252934523 0.02347183467 0.02335899538 0.02526082767 0.02458932735 0.02617772455 0.0274398243 0.02709096279 0.03026692458 0.0335870737 0.03545590976 0.03513514015 0.03757490238 0.04120477177 0.04476720006 0.05192009816 0.06113400112 0.08358547539 0.1427457504 0.1266619952 0.1218346572 0.0517354338 0.0330846445 0.02462726539 0.01883519396 0.01461920728 0.01337903169 0.0115678031 0.008021524122
0.01323161984 0.0121587798 0.01271370905 0.01281490361 0.01378163835 0.01478455643 0.01461258943 0.01513533858 0.01513438398 0.01526866626 0.01664181562 0.01828355265 0.01706779379 0.01795252363 0.01935518752 0.01820163291 0.01856036869 0.01886595056 0.01907891329 0.02063086516 0.02096180316 0.02022260856 0.02107529108 0.02303078796 0.0231598476 0.02529591431 0.02725878415 0.02837156074 0.03168134732 0.03087682414 0.03192767719 0.03214916152 0.03607572104 0.03850152089 0.04241848454 0.045964516 0.05523899876 0.06647404921 0.08950267961 0.1653937001 0.999999972 0.1297888961 0.06612954901 0.04733508991 0.02964388118 0.02377153404 0.01836013331 0.0159227481 0.01527212612 0.01004974047
0.01225822328 0.01342052545 0.01360887079 0.01415589087 0.01434410612 0.0152339856 0.01522601036 0.01503169425 0.01494995876 0.01709990098 0.01609509205 0.01572222879 0.01693153141 0.01727740358 0.01804328674 0.01832533926 0.01903215183 0.01803364418 0.01992148878 0.02110015793 0.01981561745 0.02080256732 0.02270786966 0.02313799522 0.02407387069 0.02715948228 0.0272582378 0.02680073615 0.02753319942 0.02957326557 0.03088628629 0.03432468717 0.0373816222 0.0394437339 0.04195234108 0.0512910432 0.05409027473 0.06743405875 0.09256492429 0.1489991436 0.1600552029 0.1380795429 0.07141466146 0.04934544403 0.03369780974 0.02786209235 0.02751736432 0.01965203348 0.01757722425 0.01232307637
0.01292801748 0.01253571783 0.01443034907 0.01453165782 0.01447096822 0.01442058462 0.01441595016 0.01609367537 0.01637266078 0.01637033594 0.01717180059 0.01713845806 0.01803394235 0.01825613604 0.01733418983 0.01779963008 0.01795168609 0.02030773933 0.02061619769 0.02078088319 0.0209225016 0.02337640006 0.02294890487 0.02331475547 0.02567811234 0.02496369221 0.02553661551 0.02643085887 0.02890903548 0.0304739202 0.0342791361 0.03618816083 0.03663488811 0.03862390499 0.04350623349 0.04951431079 0.05308525929 0.06890496084 0.08670664105 0.09658141463 0.09670978704 0.08441091049 0.06240951096 0.04734541639 0.03617047103 0.03065454271 0.0275696091 0.02617813532 0.02066354624 0.01387372446
0.01281601645 0.01433825767 0.01350880675 0.01373032457 0.01409510722 0.01386395469 0.01508879514 0.01433542999 0.01605885475 0.01615713037 0.01589132443 0.01730041386 0.01642530875 0.01699743182 0.01752446701 0.01761449304 0.01950173982 0.01955237728 0.02061600602 0.0214013787 0.02335738737 0.0217343275 0.02266183059 0.02485254553 0.02477684628 0.02692395469 0.02555366097 0.02831580546 0.02966805235 0.03224900371 0.03174478803 0.0335032204 0.03307895588 0.03946426495 0.0423596152 0.0454632023 0.05291571409 0.06116050941 0.06558014834 0.07211391793 0.06539294375 0.06864834403 0.05508926888 0.0446576738 0.03693359693 0.0334982304 0.03125005316 0.02635997842 0.02320623908 0.01621647576
0.01284402775 0.01264913389 0.01289707125 0.01334038108 0.01411496209 0.01395666978 0.01398442459 0.01475914267 0.01592355144 0.01582661456 0.01658273819 0.01624381441 0.01721948081 0.01707264164 0.0167508765 0.01736027963 0.01889001118 0.02231335901 0.02058054536 0.02107145282 0.02075864509 0.0227255076 0.02327075674 0.02536584505 0.02660301285 0.02417375823 0.02719659643 0.02841750375 0.02898853719 0.02841506372 0.02992478451 0.03221485819 0.03571646933 0.03792092663 0.03761229675 0.04228156113 0.04616083596 0.05246040065 0.05391849611 0.05903665132 0.05819278452 0.05221280319 0.04678801366 0.04287729397 0.03696102943 0.03502503477 0.03119333401 0.028144911 0.02542495597 0.0179921519
0.01258087422 0.01269467198 0.01388102139 0.01307061808 0.01374048238 0.01386796294 0.01607449868 0.01549086602 0.01533418046 0.01579648024 0.01717803409 0.01588044025 0.0164141215 0.01888809317 0.01761901626 0.01992658443 0.02091643257 0.01966255605 0.02052800501 0.0219007527 0.0221785723 0.02256662741 0.02533769706 0.02582348239 0.02460368392 0.02670139232 0.02565593175 0.02912216277 0.02757023307 0.02803409006 0.03195443471 0.03037923138 0.03344651196 0.03419420091 0.03688165171 0.04183702146 0.04269492467 0.04639578086 0.04725456647 0.05443972393 0.05025386348 0.04443773853 0.04109693893 0.03943046662 0.03626776485 0.03186036075 0.03210036334 0.02849409064 0.02884172331 0.01784689101
0.01341682189 0.01327024433 0.01289578649 0.01372068204 0.01413735181 0.0158916945 0.01500390575 0.01513057919 0.01541273065 0.01488536989 0.01543899337 0.01577408099 0.01651849424 0.0175589649 0.01944076257 0.02046639052 0.02268400333 0.02080063053 0.02120237773 0.02286673195 0.02185660611 0.02262288526 0.02348955603 0.02173143102 0.02446178571 0.02362356046 0.02742555844 0.02567088968 0.0271067616 0.02846439536 0.02801758809 0.03092713298 0.03087084308 0.03252446198 0.03695520795 0.03780871889 0.03985395869 0.04355934228 0.04681393379 0.04595827393 0.04579991287 0.03941217999 0.03844491342 0.03594133778 0.03261084837 0.03272121309 0.03153509028 0.02997113223 0.02810689275 0.01905570344
0.01221017842 0.01373204521 0.0140084168 0.01505069304 0.0145743453 0.01538868817 0.01456422053 0.01445659628 0.01546493683 0.01577894769 0.01654927342 0.01707922154 0.01822324211 0.0174206261 0.01864910281 0.02137655569 0.0176031791 0.01915393405 0.02010089645 0.01976238435 0.02085298592 0.02183040681 0.02107189208 0.02245139561 0.02295976253 0.02406648641 0.02338944743 0.02738567367 0.02640940078 0.02694040189 0.02985757843 0.02807898998 0.03146578598 0.03423573004 0.03452984467 0.03590258013 0.03911242555 0.038979172 0.04011733937 0.04039877857 0.03853647517 0.04034843735 0.03601344437 0.0334623319 0.03180000862 0.03116735558 0.02956022416 0.03206448349 0.02689983827 0.02044646863
0.01369510354 0.01364370673 0.013903026 0.01369645333 0.01469895759 0.01484524258 0.01485771549 0.01555760287 0.01567535206 0.01717894641 0.01614661346 0.01621697421 0.01779738595 0.01945077676 0.01914498042 0.01715571114 0.01876591404 0.01864876731 0.01818506351 0.02021738621 0.02105422179 0.0214573956 0.02227394407 0.02341841859 0.02342741371 0.02355798498 0.0259838073 0.02315699396 0.02558262399 0.0260386428 0.02606926721 0.02865883588 0.03004519479 0.03102389569 0.03233768662 0.03391698421 0.0345836974 0.03663476943 0.0360185888 0.03773946228 0.03866697835 0.03503653495 0.03554191479 0.03067143303 0.03192430695 0.02896506512 0.031154754 0.0300486928 0.02867483619 0.01994657054
0.01399378586 0.01386822188 0.01382074371 0.01487251744 0.01456916532 0.01456541227 0.01452841459 0.01529045744 0.01544160736 0.01607992539 0.01697316374 0.01652243895 0.01836647239 0.01701057799 0.01745472981 0.01700091518 0.01870813369 0.01834658205 0.01943765272 0.0203125199 0.0211337763 0.0203430603 0.02045861258 0.02157774982 0.02222438997 0.02317134646 0.02294770374 0.02435329066 0.02506635488 0.02546780969 0.025638574 0.0273962295 0.030254144 0.02893682552 0.03173910011 0.03172774908 0.0342760469 0.0328201052 0.03318305467 0.03754044121 0.03519758661 0.03366194096 0.03251438732 0.03074016092 0.03138886602 0.02918151978 0.02847867976 0.03021482239 0.02981450767 0.01978634128
0.01368322105 0.01226309274 0.01287119559 0.01313148746 0.01364091182 0.01329361401 0.01415131898 0.0145620823 0.01542416898 0.01562579046 0.01547469587 0.0167887462 0.01565268407 0.01687648761 0.01676229214 0.01688326691 0.01684302594 0.01832677103 0.01886717924 0.02070579224 0.0196705815 0.01889139305 0.02143055373 0.02179342352 0.02155923817 0.02283784082 0.02283527149 0.02367453194 0.02338327186 0.02447556655 0.02451423096 0.02757735633 0.02772064253 0.0290227635 0.02840257166 0.0299655014 0.03358444713 0.03019762325 0.03318354522 0.03575392301 0.03279032479 0.03065733912 0.03040705853 0.03041131995 0.0304188572 0.02906437431 0.03029408412 0.02734270994 0.02790427823 0.02158418033
0.01185420824 0.013001896 0.01449607319 0.01366677954 0.01342024758 0.01515368337 0.01481524999 0.01541127097 0.01562694197 0.01473975256 0.01528920156 0.01594802102 0.01728928331 0.01774231696 0.0170566785 0.01628637203 0.01883052142 0.01859499892 0.0185273967 0.01892611443 0.01875534815 0.02019728915 0.02010917709 0.02014044046 0.02142545767 0.02217173789 0.02112639468 0.02096617404 0.02304199954 0.02272692229 0.02397144975 0.02544466577 0.02662802021 0.02833189042 0.02757467568 0.02777775996 0.03120067703 0.0300878196 0.03315773347 0.03106387255 0.03036415753 0.02928812194 0.02888580016 0.03254909731 0.02853533379 0.02820010014 0.02940406499 0.02711045214 0.02924296196 0.01928707696
0.0126218709 0.01398563932 0.01289948971 0.01352997421 0.01483965916 0.01370324004 0.01403353019 0.0146462268 0.01425592294 0.01496386112 0.01582665964 0.01637319206 0.01719926012 0.0162022534 0.01629610109 0.01712182567 0.01824351424 0.01752961071 0.01919967332 0.01972681656 0.01834925056 0.01906420759 0.01993774875 0.02052615317 0.02073460631 0.01976439648 0.01991262447 0.02315331785 0.02384886144 0.02276833066 0.02510989824 0.02321923724 0.0272564254 0.02633654882 0.02685584378 0.02949524964 0.0293576465 0.03152511173 0.02968791545 0.03064996422 0.02793379469 0.03013165273 0.02874501292 0.02846203146 0.02918511829 0.02756313895 0.02702726876 0.02899172212 0.02655358038 0.01878341793
