test_voltmap_1_2.asc
ncols         100
nrows         100
xllcorner     0.0
yllcorner     0.0
cellsize      0.01
NODATA_value  -9999
[rows 0 to 23 of 100, columns 0 to 54 of 100]
672.5783419 672.6398088 672.7893972 673.0120687 673.3208788 673.7501368 674.2859346 674.842307 675.5069088 676.3449973 677.2502219 678.2266449 679.3020182 680.4077713 681.6260011 682.9616866 684.3331041 685.845476 687.3940234 689.0749232 690.8644367 692.7524881 694.8818706 696.9724299 699.1029254 701.4438649 703.9369243 706.5451989 709.1359283 711.7749806 714.427816 716.9978655 719.8075539 722.9343119 726.1445647 729.3508987 732.4579241 735.7285894 739.2430196 742.7626833 746.4385509 750.2316608 754.1905357 758.0378503 761.9737053 766.3067659 770.6858278 775.2398404 779.9286495 784.7418463 789.9336879 795.1121075 799.8835091 804.6660723 810.0895948
672.5162162 672.5795952 672.7275652 672.9512783 673.2635099 673.6928887 674.2130125 674.7783923 675.4568191 676.2757982 677.1763833 678.1548883 679.2154568 680.3458756 681.5841571 682.9048502 684.2957694 685.7813674 687.3203331 688.9694432 690.7652821 692.7263502 694.8585383 696.931167 699.0097201 701.3412014 703.869745 706.4763493 709.0917458 711.6706399 714.3144897 716.9453752 719.8125484 722.9218074 725.9789269 729.1476548 732.366827 735.7509919 739.2592934 742.735055 746.3477351 750.1753942 754.0442868 757.856998 761.9347573 766.2872562 770.661507 775.2027806 779.8493607 784.620922 789.8402547 794.9263411 799.7595756 804.7039922 810.0355688
672.3589675 672.4252229 672.5738075 672.7958406 673.1151299 673.5466919 674.0506499 674.6276923 675.3273778 676.124034 676.9990406 677.9745312 679.0437864 680.2056213 681.443834 682.7536295 684.1828354 685.6460828 687.1449803 688.7874161 690.5958719 692.5921237 694.6946007 696.8081425 698.8773765 701.1301376 703.6799307 706.3232211 708.9322847 711.4556742 714.0969409 716.8199591 719.7793379 722.7737147 725.7167556 728.8501981 732.1858105 735.7092092 739.1701656 742.6008968 746.16829 750.0008166 753.7199416 757.5309188 761.8046548 766.1693269 770.5801718 775.1155038 779.678635 784.3820747 789.5439405 794.5321646 799.504436 804.628376 809.8963378
672.1175582 672.1802846 672.329522 672.5564687 672.8768394 673.2960493 673.7990726 674.3972897 675.1032062 675.8919513 676.7385693 677.7077297 678.8035725 679.9698857 681.2131382 682.54063 683.9725167 685.4320958 686.9320013 688.5843997 690.4035497 692.3263093 694.3665507 696.5821181 698.6982511 700.8913052 703.3642472 705.9879482 708.629566 711.1761438 713.8147398 716.6095787 719.6038004 722.4869167 725.4260031 728.5809054 731.9198868 735.4439031 738.8867279 742.3404573 745.883192 749.6721307 753.3698769 757.2448721 761.6276553 765.8843662 770.3484802 774.9713132 779.3640089 784.0463542 789.083907 793.9704647 799.0662537 804.367403 809.7366479
671.7889216 671.853603 672.0074312 672.2344982 672.5515069 672.9548509 673.4472302 674.0462897 674.7664707 675.5709771 676.3964228 677.3355733 678.4461622 679.6277496 680.9066656 682.2212236 683.6379761 685.1267808 686.6175834 688.2882863 690.1271852 692.0151022 694.0088755 696.21077 698.3527761 700.5790383 703.0052162 705.5559827 708.2092411 710.8235935 713.4369325 716.250655 719.2456081 722.1146855 725.1596139 728.2873336 731.4941324 734.9665732 738.4738858 741.9529531 745.4563735 749.250088 753.0420906 757.0018015 761.2925755 765.480274 770.0150795 774.6887634 778.9772585 783.5683394 788.5428889 793.4272213 798.5607448 803.8691143 809.3614913
671.361717 671.4249811 671.5775292 671.8155723 672.1348896 672.5140802 672.9907568 673.5977791 674.319393 675.1328829 675.9550813 676.8786972 677.9719548 679.142279 680.4480194 681.8015854 683.1975638 684.6533331 686.2000205 687.9184457 689.7275049 691.5975019 693.5853343 695.7251419 697.8808694 700.1651082 702.6200076 705.1073982 707.6912993 710.3833993 713.0026309 715.7600985 718.7917186 721.7484983 724.7684284 727.8691995 731.0103039 734.3141959 737.869378 741.4003781 744.8858731 748.7437677 752.670847 756.6581253 760.7968346 764.9278721 769.5202681 774.26893 778.5109552 782.9647359 787.9053658 792.9081594 798.0035019 803.1897845 808.7343196
670.8269127 670.8900805 671.0394882 671.283345 671.6234848 672.0186386 672.4991602 673.0858675 673.7869119 674.5978011 675.4275122 676.3587218 677.4392913 678.5943786 679.8811935 681.277934 682.6850024 684.107124 685.6887912 687.4483238 689.2451384 691.1082024 693.07269 695.1513863 697.3346228 699.6410683 702.123944 704.6209994 707.0982026 709.8015979 712.5207199 715.263418 718.2732239 721.2543151 724.2352321 727.3543885 730.5134725 733.671922 737.1504215 740.7032042 744.2487901 748.1784079 752.1105714 756.0891912 760.1157308 764.2696584 768.8498934 773.5870065 777.9755145 782.3518655 787.1828268 792.3165439 797.3724448 802.4765196 807.8371712
670.1846968 670.2512952 670.4078579 670.6732915 671.0319427 671.4352413 671.911423 672.4922246 673.2006166 673.9902677 674.8431115 675.7986787 676.8652291 677.9968153 679.2342019 680.6387567 682.0545912 683.4693982 685.0895567 686.870282 688.6562308 690.4992082 692.4248259 694.4773151 696.7072229 699.057586 701.455686 703.9057837 706.3826045 709.0615286 711.8941494 714.7163781 717.642058 720.6117041 723.6053139 726.7378492 729.9031788 733.0259868 736.4376486 739.9861343 743.5613281 747.4474366 751.430626 755.3835356 759.3714172 763.5257644 768.0391502 772.748508 777.2458094 781.6883842 786.4759179 791.5167732 796.6365272 801.7411401 806.8229859
669.4713352 669.5424667 669.7041234 669.968276 670.3136767 670.7248007 671.2127983 671.7942814 672.4991799 673.2812335 674.1292032 675.1140279 676.2048793 677.3261639 678.5179751 679.8991921 681.3339475 682.7700828 684.3818692 686.1205121 687.9215637 689.7711953 691.7049977 693.7651027 696.012372 698.4097913 700.706979 703.0582767 705.5740516 708.236217 711.114478 714.0114734 716.8810083 719.8045444 722.9004449 726.0248347 729.0732877 732.2597739 735.7175674 739.2511947 742.7761375 746.558067 750.6053559 754.6006482 758.4825204 762.6098398 767.1428163 771.7927304 776.3134993 780.86861 785.5946489 790.4988831 795.6851765 800.7897549 805.7998546
668.672363 668.7449897 668.9002175 669.1415409 669.4820113 669.9204271 670.4145136 670.9862575 671.6869346 672.4876284 673.3466377 674.318936 675.4310094 676.5796431 677.7558434 679.1115957 680.5505754 682.0078094 683.5865441 685.3060495 687.1258381 688.9503494 690.8977439 693.0035302 695.241032 697.6018992 699.9025373 702.2599087 704.7736939 707.4247586 710.254842 713.095713 715.9625055 718.9193417 722.1265183 725.1976593 728.1602723 731.4191396 734.8851869 738.3795024 741.9415059 745.6187711 749.6329856 753.6585563 757.5147851 761.6467392 766.1838308 770.7552124 775.2665705 779.8337331 784.4715535 789.3316978 794.48513 799.5593649 804.6612447
667.7588618 667.8283233 667.9813576 668.220769 668.5555819 668.996383 669.5123451 670.0828013 670.7836853 671.6247261 672.5238428 673.4812174 674.5663666 675.7321203 676.9377848 678.2546946 679.6605056 681.1478968 682.6963242 684.4140424 686.2398315 688.0800755 690.0423727 692.1644327 694.3525218 696.6036469 698.9609879 701.4293705 703.9508016 706.5748186 709.2797935 712.0625174 714.9359065 717.8926166 721.1718054 724.259579 727.2063283 730.5160091 733.9215888 737.3346046 740.9887313 744.6714594 748.5574882 752.535913 756.4156431 760.5941858 765.1298192 769.5661372 774.1286366 778.7493027 783.3157667 788.2087144 793.2172604 798.1504706 803.3134838
666.7125457 666.7832061 666.9508927 667.1993507 667.5431142 667.9987225 668.534767 669.1025886 669.7813672 670.596686 671.5396028 672.5437309 673.5881858 674.7311904 675.9767813 677.2759763 678.6912745 680.1830831 681.7183813 683.4264308 685.2769951 687.136675 689.1094479 691.2218734 693.3339893 695.5239928 697.9070174 700.4380403 703.0188638 705.6477553 708.293206 711.0100116 713.818546 716.8247347 720.0553047 723.1280346 726.1482499 729.4851866 732.8430094 736.212566 739.8522843 743.6058281 747.4015301 751.2630511 755.2058252 759.4111298 763.8885796 768.220568 772.8033823 777.548035 782.1574634 786.948353 791.8637814 796.7682143 801.7740138
665.6239346 665.6958957 665.8669166 666.1212524 666.4618916 666.9089037 667.442438 668.0045373 668.6881211 669.4989984 670.4476292 671.477933 672.5198831 673.6620151 674.9095609 676.1880479 677.5997229 679.1233046 680.6083539 682.2662559 684.1893588 686.0851104 688.0932094 690.2030153 692.268171 694.4473006 696.7886236 699.2774471 701.9067612 704.5480224 707.2155826 709.9417532 712.6717121 715.7019488 718.8935465 721.9698231 725.0677412 728.3090069 731.700965 735.1495532 738.7621562 742.4586695 746.0512886 749.943609 753.9716212 758.1666447 762.5409539 766.7172318 771.25204 776.1706627 780.8687198 785.4979351 790.3579194 795.338495 800.1945324
664.471947 664.551314 664.7383427 665.0119158 665.3530549 665.8065618 666.3263327 666.8945557 667.5746226 668.3735249 669.3040471 670.3058382 671.349932 672.4884551 673.7484739 675.0154 676.3768533 677.9476243 679.4219035 681.0243311 682.95683 684.8730582 686.9346663 689.0539204 691.117128 693.322305 695.6607644 698.1271953 700.7385101 703.3049354 706.0088916 708.7220742 711.3808586 714.4500743 717.63932 720.7022162 723.8417726 727.0809339 730.4685989 734.0134968 737.6917716 741.2753003 744.7663446 748.5687436 752.6427926 756.8901178 761.0743251 765.2045624 769.7263605 774.5756797 779.3220234 783.9281345 788.6464544 793.6835804 798.5922239
663.257903 663.325608 663.500877 663.7609803 664.1127732 664.6110872 665.1835265 665.7678681 666.4024101 667.1344645 668.0226988 669.0156626 670.0505102 671.1613851 672.4662233 673.7585216 675.1298121 676.6685515 678.1436043 679.7693978 681.6279908 683.520536 685.5681448 687.7417104 689.8519773 692.0646501 694.4133844 696.8801517 699.5271625 702.085913 704.7175091 707.3477549 710.0674914 713.0742357 716.2111464 719.3032404 722.4217229 725.7110381 729.1334647 732.7450808 736.4764866 740.0301308 743.4906046 747.2412733 751.2129989 755.4077648 759.5503478 763.6822748 768.1270213 772.8512036 777.4926494 782.160152 786.8858221 791.859033 796.8683216
661.9523324 662.0277893 662.2030325 662.4551326 662.8037037 663.2999086 663.8700215 664.4471173 665.083337 665.8064812 666.6649659 667.6805577 668.7097247 669.8030933 671.0828203 672.4353034 673.8313437 675.3029994 676.8122501 678.4452652 680.291826 682.1991874 684.1563114 686.3065833 688.4782731 690.6995456 692.9794251 695.3911351 698.0757568 700.706748 703.3516981 705.9390667 708.7441073 711.6752359 714.7193987 717.8030484 720.892876 724.2171246 727.6946826 731.3404633 734.9829322 738.549672 742.1328952 745.8360799 749.8036306 753.8804317 757.9640195 762.1028571 766.4408232 770.9974249 775.6614103 780.3713649 785.0420082 789.8829039 794.9375692
660.599973 660.6731605 660.8446511 661.1014496 661.4092303 661.8587034 662.3787049 662.9476134 663.6083031 664.3880418 665.2926292 666.3204298 667.3747148 668.4494089 669.6480215 670.9947503 672.3810534 673.8692453 675.3978282 677.0411065 678.8579323 680.8125568 682.7128176 684.7501622 686.9415634 689.2528046 691.5554496 693.9247325 696.5434178 699.202701 701.8577934 704.4727294 707.3383791 710.2644719 713.1662071 716.2067944 719.2744131 722.5372352 726.0240014 729.6800147 733.295227 736.9389716 740.5436514 744.2676544 748.3059097 752.2764414 756.3158715 760.5450467 764.683235 769.0386281 773.754475 778.429036 783.1653448 787.9407412 792.9398956
659.1759328 659.2196993 659.3558909 659.5850573 659.8816625 660.2889723 660.7992879 661.3865599 662.0748556 662.900111 663.8431939 664.831992 665.8831702 666.9535488 668.1547457 669.4671096 670.8743193 672.3719476 673.910378 675.5673899 677.3344729 679.2557527 681.1752605 683.1724321 685.3176787 687.7115606 690.1260709 692.5310654 695.0877464 697.6844327 700.3631788 703.0062776 705.8428852 708.7973722 711.6561923 714.5764421 717.6607455 720.8792595 724.2925608 727.9337645 731.4624864 735.0732215 738.7608028 742.4594612 746.5139088 750.5608034 754.5958668 758.880452 762.9500445 767.0653589 771.6301135 776.35602 781.1831325 785.879524 790.7137562
657.5330162 657.5963679 657.7846059 658.0440788 658.3570189 658.7486411 659.2668054 659.865027 660.5194349 661.311017 662.2254934 663.2340721 664.3018979 665.417166 666.6594119 667.9082621 669.3271125 670.8343475 672.3595066 674.0116994 675.8243453 677.6928911 679.6249964 681.6186081 683.6623416 685.9504066 688.449265 690.9357309 693.4824698 696.0699041 698.7618714 701.4035087 704.1363668 707.1240057 710.0828155 713.0246654 716.095438 719.2537746 722.6401259 726.134852 729.6175712 733.2251285 736.9175154 740.6398453 744.5921996 748.7417523 752.7718213 756.9916942 761.1797765 765.2932654 769.5677138 774.161415 779.0593805 783.7499474 788.4622332
655.7697962 655.8611949 656.0777521 656.379688 656.6934176 657.0935484 657.6179812 658.2265057 658.856722 659.6096017 660.5122486 661.5715608 662.651988 663.8059346 665.0325622 666.2635073 667.6014645 669.1171904 670.6919445 672.3718172 674.2446321 676.0817349 678.001162 680.0660578 682.0526786 684.1558487 686.5732057 689.0931316 691.6851361 694.3041741 696.940064 699.659403 702.3804441 705.2536944 708.2895827 711.3526464 714.4203371 717.5837867 721.0109294 724.3794898 727.7774054 731.3892354 735.0551126 738.7856463 742.5943055 746.7470442 750.7611163 754.9099512 759.2482647 763.4140718 767.5845272 772.0224111 776.7350192 781.3625713 786.0703388
653.9901307 654.0814246 654.2616123 654.5255997 654.8800889 655.2871866 655.8148625 656.4586413 657.1455914 657.8947308 658.754466 659.7426516 660.8123032 661.9928031 663.2612761 664.553119 665.8845343 667.3604039 668.9260142 670.6317551 672.5478147 674.4112495 676.3080101 678.4169288 680.4910285 682.5322501 684.7614528 687.1526879 689.8681931 692.5657653 695.1319449 697.8456806 700.5881167 703.3449162 706.3407817 709.4887441 712.6114426 715.9029657 719.3146321 722.5462367 725.8453381 729.3959188 733.0392742 736.7772928 740.6012211 744.5855886 748.4984835 752.701538 756.959427 761.1964318 765.4801342 769.8223247 774.2837675 778.8839125 783.533749
652.1774507 652.2381174 652.3553712 652.5281209 652.8611411 653.3359967 653.927043 654.6055453 655.3356389 656.0850058 656.9296122 657.9007554 658.9584423 660.1231568 661.3824381 662.7360827 664.1437884 665.6049448 667.1105526 668.7983176 670.7187361 672.6192252 674.4545396 676.5104529 678.705809 680.8578627 682.9972132 685.2591198 687.9277626 690.663322 693.1842741 695.850236 698.6532196 701.4174403 704.3757887 707.4262636 710.5930633 713.9878584 717.3579715 720.5971081 723.9665537 727.3902123 730.876222 734.6487616 738.5461823 742.4147429 746.2685926 750.3287809 754.4898617 758.6950224 763.0222162 767.5019964 771.9781681 776.5152678 781.0595073
650.2005997 650.240456 650.334797 650.5274228 650.8593627 651.3289531 651.9028291 652.5736072 653.3272466 654.1152589 654.9751706 655.90023 656.9349278 658.1419683 659.4038616 660.757954 662.2221085 663.676707 665.1524338 666.8477815 668.6573621 670.5838259 672.5135384 674.5354884 676.7520105 678.9568303 681.1474479 683.3987004 685.9459061 688.6452866 691.1577711 693.7612474 696.564865 699.3890501 702.380943 705.380431 708.5267875 711.9049133 715.2372856 718.4667128 721.9504933 725.3913057 728.805584 732.5216123 736.3272074 740.1024977 744.0516059 747.9744687 752.0273828 756.2722032 760.5191176 764.9302763 769.3892237 773.9254757 778.4639863
648.207329 648.2396066 648.3776364 648.6182922 648.9456918 649.3526745 649.8469131 650.4548034 651.2077138 652.0525832 652.9868345 653.9162822 654.9267835 656.0841327 657.3595401 658.6911639 660.1333093 661.624437 663.1654861 664.8730652 666.6408921 668.542406 670.4855832 672.4952843 674.7123298 676.8504644 679.096543 681.5036841 684.0572903 686.7004834 689.1209719 691.6248519 694.3721658 697.2828574 700.2780816 703.2553167 706.448364 709.8837261 713.1736385 716.323024 719.7884289 723.3062383 726.7206592 730.379477 734.0148743 737.7227034 741.7477886 745.6398115 749.6538264 753.8188932 757.943126 762.2205671 766.5856275 771.0720801 775.7012717
