test_cum_curmap.asc
ncols         100
nrows         100
xllcorner     0.0
yllcorner     0.0
cellsize      0.01
NODATA_value  -9999
[rows 66 to 87 of 100, columns 0 to 49 of 100]
0.01197828906 0.01781619124 0.01996874334 0.0188837224 0.01878860598 0.01902135827 0.01732987681 0.01828762971 0.01763657403 0.01974771538 0.01908511427 0.01817276505 0.02009554979 0.01907730703 0.01906724677 0.0196617431 0.01749695084 0.01894281454 0.01877000516 0.01703060626 0.01831448337 0.01758662991 0.0180983656 0.01651457819 0.01761246362 0.01717493846 0.01625230832 0.01625004996 0.01627151406 0.01571493735 0.01581771497 0.01579672519 0.01568420348 0.01455086831 0.01464997629 0.01469380179 0.01379548431 0.01407160972 0.01335782514 0.01337262683 0.01290811027 0.01330164603 0.0144188548 0.01431555183 0.01312643459 0.01242283479 0.01236752555 0.01178412782 0.0120774759 0.01166497785
0.01234496683 0.01948867956 0.01919149387 0.01962064263 0.01941528458 0.01900658341 0.01846183917 0.01789205188 0.01880918455 0.02161506445 0.0194414272 0.0198547254 0.01941957057 0.01997658781 0.01965768041 0.01953444562 0.01840739361 0.01869536311 0.01870938927 0.01900950268 0.01744045592 0.01920518251 0.01780340899 0.01778982335 0.0175058813 0.01669118021 0.01567382281 0.01679449919 0.01635315423 0.01557952474 0.01633892329 0.01628199851 0.01450882969 0.01490394448 0.01495397562 0.01496280586 0.01432456397 0.0138206698 0.01362758986 0.0134922853 0.0138951391 0.01390974702 0.01351869792 0.01266704362 0.01255373873 0.01293356009 0.01291729929 0.0122209619 0.0135946221 0.01273523109
0.0136004085 0.01914145085 0.01988757824 0.01906623207 0.02036356781 0.02000439102 0.01885261372 0.01925379786 0.02006631679 0.02103443164 0.02094365444 0.01886220374 0.02007701838 0.0209828724 0.01982987518 0.02053861789 0.0192131123 0.0198813082 0.01914838512 0.01866583466 0.01801042312 0.0194482665 0.018001602 0.01729875171 0.01674099322 0.01614615934 0.01710514817 0.01860336782 0.01571065227 0.01597862698 0.01683853389 0.01550159461 0.01468887051 0.01493354349 0.01550436621 0.01444459062 0.01443364855 0.0146237735 0.01446897521 0.01493955498 0.01392265764 0.01402239205 0.0134605506 0.01312565917 0.01246706231 0.01360099282 0.01438942671 0.01342733046 0.01351161007 0.01317150671
0.01358016132 0.02046406708 0.02052754305 0.01904847582 0.02101586847 0.02004034275 0.02007584093 0.02078989239 0.0206423253 0.02046273705 0.02097521257 0.02079806652 0.01979661812 0.02147267664 0.02168435623 0.02028557777 0.02081097289 0.01880090151 0.02107960212 0.01804315169 0.01980506598 0.01818552438 0.01802582563 0.01803613816 0.01793562183 0.01842956792 0.01879403403 0.0156962309 0.01595446139 0.01734624718 0.01602198748 0.01485874902 0.01588270033 0.01541823882 0.01537179959 0.01392121828 0.01492385461 0.01467078741 0.01531819339 0.01405461972 0.01422281428 0.01424263532 0.01364784876 0.01258219664 0.01365898808 0.01417778751 0.01264067598 0.01318834141 0.01363421875 0.01337349769
0.01452643007 0.02034429713 0.02091158778 0.02090081994 0.01930189813 0.02206324166 0.02143536233 0.020492203 0.02131448411 0.02106081072 0.02182279178 0.02012191994 0.0217426491 0.02378923057 0.0213505924 0.02121258925 0.02087695318 0.02055039803 0.01872710949 0.02010786326 0.01821433824 0.020195667 0.02027443945 0.01855165984 0.01804898348 0.01792844989 0.017208738 0.0167383277 0.01754083656 0.01675723777 0.0158187962 0.01662473444 0.01588655371 0.01586355252 0.01515099268 0.01622268034 0.01524069874 0.01499865219 0.01454037066 0.0145634113 0.01413824718 0.01418460712 0.01343286254 0.01440838875 0.01430356221 0.01478314282 0.01330606871 0.01293327417 0.01256181015 0.01220983787
0.01552205845 0.02079961566 0.02057052831 0.0219905623 0.0207558708 0.02214374658 0.02145499216 0.02184761726 0.02174426206 0.02194975411 0.02197582731 0.02181791123 0.02257919611 0.02294040961 0.02237850015 0.02189072303 0.0214920927 0.01965296276 0.02006199693 0.0206617538 0.02045172493 0.01919734534 0.01875158723 0.01877988243 0.01815483184 0.01760622984 0.01692917077 0.01813126736 0.01726911678 0.01681316536 0.01740741005 0.01701737156 0.01693981379 0.01466727872 0.01712897792 0.01478014539 0.01570551125 0.0149424463 0.01522590649 0.01433633019 0.01346598913 0.01364850142 0.01477041527 0.01328783215 0.01381974084 0.01338668364 0.01253174246 0.01239346459 0.0122559292 0.01270541876
0.01548591638 0.02163530137 0.02179453682 0.02186719464 0.02159061052 0.02193405058 0.0231159536 0.02253635309 0.02138068566 0.0235451397 0.02374863631 0.02133866601 0.02300488665 0.02378918942 0.02375956642 0.02275961638 0.0213116103 0.02185913349 0.02140978518 0.02059745546 0.02051462153 0.01894366027 0.02150941879 0.02034589089 0.01826301714 0.01915358899 0.01739351417 0.01870012963 0.01771484428 0.01777763882 0.01753294269 0.0158978055 0.01471129089 0.01602582129 0.01492775111 0.01566928809 0.01566757314 0.01529313185 0.01515620001 0.01327839058 0.01479179098 0.01544385109 0.01369475875 0.01406298759 0.01534145918 0.0129924917 0.0127590318 0.01336026564 0.01296039126 0.01353743993
0.01636743786 0.02162373211 0.02261249417 0.02253757041 0.02185378822 0.02408761394 0.02369517977 0.02162899294 0.02354462575 0.02395920756 0.02466159667 0.02330700966 0.0226120713 0.02540867059 0.02486543654 0.02328935629 0.02347654823 0.02131912203 0.02141211442 0.02205669265 0.01963402291 0.02117366018 0.02182115593 0.01889155804 0.01956704069 0.01798873402 0.01819161344 0.01836866037 0.01809805703 0.01766173684 0.01694635056 0.01565100903 0.01635221016 0.01601071492 0.01759678745 0.01572276854 0.01623676273 0.01565019692 0.01396385515 0.01586058516 0.01608027678 0.01422763898 0.01478073305 0.01437095094 0.01342038921 0.01315696813 0.01334060789 0.01324678101 0.01253773245 0.01266794527
0.01755615863 0.02171907084 0.02207902585 0.0243767715 0.02422602307 0.02224180022 0.02528911256 0.02358990558 0.02371269538 0.02541838508 0.02501412223 0.02412971809 0.02442973141 0.0238929413 0.02574367171 0.02392213522 0.02189739076 0.0238509448 0.02252500917 0.02239828152 0.0218400625 0.02209015163 0.02093997212 0.01894393208 0.01882600156 0.01848450072 0.01925141809 0.01803333761 0.01984932056 0.01796285124 0.01722986795 0.01741104835 0.01621768979 0.0171117864 0.01616313342 0.01535772456 0.01481849378 0.01432523657 0.01550716218 0.01511463584 0.01485892436 0.01427901327 0.01474076915 0.01346571218 0.01378361463 0.0132461648 0.01327274554 0.01396709429 0.01293555865 0.01234627938
0.01589883633 0.02423421229 0.0241927814 0.02406298652 0.02311907387 0.02575382662 0.0230566383 0.0250195903 0.02462515467 0.02681445518 0.02370597887 0.02588464264 0.0244834203 0.02754489338 0.02701982928 0.02235141072 0.02735629744 0.02389608058 0.02318663053 0.02115674392 0.02202809832 0.02037006271 0.02027251742 0.01939493717 0.02023641021 0.0195733974 0.01899542861 0.01912911867 0.01868930191 0.01767993373 0.01776615473 0.01657737245 0.01704376732 0.01724117411 0.01622729034 0.01531577298 0.01664080703 0.01575753519 0.01511181583 0.01518922558 0.01464077747 0.01549945534 0.01345442529 0.01404624377 0.01369477407 0.01399328435 0.01380104146 0.01317078438 0.01287918867 0.01343910716
0.01683165844 0.02303026086 0.02563552532 0.02419418208 0.02644195877 0.02335865599 0.02500612646 0.02473764111 0.02702348446 0.02702110609 0.02530110076 0.02800146928 0.02692888219 0.02709227549 0.02508677286 0.02521013399 0.02496821163 0.02579273516 0.02311321044 0.02236197162 0.02205303393 0.0209563164 0.02110910632 0.02083908107 0.02193261972 0.01964481282 0.01895086405 0.01991680303 0.01925882208 0.01751918654 0.01726761742 0.01700104708 0.01719567004 0.01824717872 0.01656794983 0.01652440396 0.01672906909 0.01557622836 0.01596829029 0.01575158361 0.01643654709 0.01418474167 0.01472563066 0.01373158016 0.01358890406 0.01389881598 0.0130043536 0.01336773378 0.01342247872 0.01250661028
0.01581546781 0.02657129177 0.02476941476 0.02504455252 0.02570575937 0.02588326682 0.02518186328 0.02792357748 0.02751336597 0.0268073609 0.0277704444 0.02811494257 0.02691542382 0.02695243895 0.02785994901 0.02642317298 0.02596155068 0.02530434057 0.02538249809 0.02207568098 0.02192281044 0.0226408668 0.02248370904 0.02203424143 0.02181632659 0.01910487577 0.02055850137 0.02058591222 0.01862142667 0.01825964158 0.01897186143 0.01827715261 0.01873313776 0.01672555141 0.01683047569 0.01784107499 0.01748520877 0.01650877373 0.01709641597 0.01680144241 0.01577819426 0.01466266352 0.01447315838 0.01418762286 0.01493078305 0.01392569861 0.01442372751 0.01373051638 0.01296710658 0.01314756155
0.01906691911 0.02414878885 0.02360158587 0.027423588 0.02742667324 0.02610931254 0.02639481224 0.029758014 0.02572750652 0.02676099089 0.03143567325 0.02981113884 0.02948149007 0.02852465735 0.02855569039 0.02652589247 0.02839463688 0.02711138212 0.02475244534 0.02406012545 0.02269084263 0.0254102429 0.02328122999 0.02340201183 0.02097743061 0.02171866885 0.02187035071 0.02025736372 0.01982046068 0.02044647956 0.01882644834 0.01806239298 0.01829283606 0.0170667944 0.01755443034 0.01811106502 0.01592436158 0.01634637362 0.01538604631 0.01566225898 0.01481163025 0.01468440462 0.01394656752 0.01457672742 0.01471221579 0.01474354959 0.01399212321 0.01343424455 0.01268929249 0.01309753359
0.01939762519 0.02445730784 0.02493837081 0.02683222109 0.02774376089 0.02757272727 0.02768559968 0.02985716664 0.0259068271 0.02921917244 0.03395218631 0.03289650547 0.02847449756 0.02957083936 0.02775870326 0.02895804316 0.03005449153 0.02800229061 0.02526661593 0.02503693261 0.02566760907 0.02381617075 0.02288525372 0.02213720381 0.0224079175 0.02037862538 0.02090191348 0.0209211535 0.02144865375 0.01868785567 0.01861979078 0.01909431889 0.01776966044 0.01820082016 0.01811241469 0.01726329492 0.01792481817 0.0158551508 0.01707596686 0.01561929397 0.01515323068 0.01425081787 0.01467442482 0.01497976092 0.01512719117 0.01436724562 0.01355866405 0.01345162665 0.01303164045 0.0128671377
0.01862953339 0.02533523679 0.02633669989 0.02721869677 0.02821756158 0.02685468039 0.03056368757 0.02822184341 0.02969121654 0.03230890914 0.03234099868 0.03360599743 0.03195720623 0.02941807922 0.03073323219 0.03140582203 0.02990729284 0.02820026288 0.02788080832 0.02677778924 0.02417665356 0.02405965994 0.02410805804 0.02283186975 0.02029541552 0.02259848097 0.02249537747 0.02256085211 0.01874232093 0.01848516026 0.01934660512 0.01845908524 0.01858758297 0.01959401312 0.01932581766 0.01856100108 0.0165773001 0.01657699775 0.01726042462 0.01496126047 0.01513246569 0.01537481141 0.01458142691 0.01512774545 0.01430670624 0.01413670671 0.01424486943 0.01439631597 0.01288751891 0.01214343739
0.01742727799 0.02836060132 0.02434129584 0.02992074443 0.02603698828 0.02856701526 0.03125340681 0.02918734489 0.03117664847 0.03521072086 0.03409201594 0.03668618863 0.03362670101 0.0322577419 0.03244718198 0.03406450925 0.03123080053 0.03141241382 0.02645729497 0.0254832455 0.02501122726 0.02643700923 0.02323856467 0.02329835725 0.02352918428 0.02260632157 0.02143110673 0.01936102296 0.0184561395 0.0193188146 0.01905047289 0.01942402116 0.01861731805 0.01885575296 0.01842680563 0.01734396058 0.0170774835 0.01611553266 0.01568330336 0.01577257823 0.01447579237 0.0144062057 0.01527655319 0.01451337592 0.01398088385 0.01416258398 0.01337441758 0.01220625752 0.01241462693 0.01428842905
0.01813493528 0.02557882869 0.02890911422 0.02591040363 0.0290163484 0.02817075414 0.03030409103 0.03274362986 0.03492813475 0.03380049306 0.03922762673 0.03897661343 0.03542013879 0.03393339693 0.03430082611 0.03337800324 0.03081297098 0.0298838911 0.02751745118 0.02612804796 0.02612157052 0.02488237281 0.02382863506 0.02394822057 0.02317383012 0.02295733517 0.02062647296 0.02104850117 0.02000472448 0.02272375171 0.02068626895 0.01927858806 0.02050786934 0.01989802074 0.01857042355 0.01711301431 0.01693834376 0.01696017841 0.01721484027 0.01596076219 0.01611833006 0.01559035476 0.01569894095 0.01433067162 0.01453364629 0.01349009238 0.01286354957 0.01360936718 0.01376073735 0.01285945526
0.01769649775 0.02640371501 0.02697306299 0.02937037436 0.02699696183 0.02922326938 0.03247314361 0.03339003999 0.03525762996 0.04041454824 0.04049570132 0.0380784252 0.03741081883 0.03580071347 0.03649155602 0.03424481117 0.03323444981 0.03127074551 0.03004697427 0.02840102381 0.02782292042 0.02683250004 0.02504153249 0.02639302096 0.02284740893 0.02275986363 0.02276727233 0.02101656979 0.02246572733 0.02036119289 0.01981530931 0.02127788448 0.02007991377 0.01812538481 0.01703262213 0.01765744404 0.016590226 0.01699709757 0.01760952002 0.01642784975 0.01569746532 0.01607092686 0.01482856426 0.01465280729 0.01492851493 0.01362030398 0.01457684139 0.01427650471 0.01411167573 0.01374099363
0.01680781642 0.02669107029 0.02772186687 0.02777641201 0.02886430247 0.0312302413 0.0330712062 0.03453868846 0.03760184499 0.04660967167 0.04070396248 0.03923187977 0.04337506241 0.04315195373 0.03576631646 0.03811509146 0.03576033282 0.03325429113 0.03017301626 0.02972236525 0.02822922553 0.02786401166 0.02489281937 0.0239497807 0.02459941176 0.02279211321 0.02211797542 0.0231099221 0.02133179636 0.02206008016 0.02130696812 0.02202604429 0.01957786396 0.01823709983 0.01944401404 0.01753194926 0.01740167045 0.01881741783 0.01584751548 0.01578296512 0.01654510073 0.01580672453 0.01450678864 0.01538110584 0.01398755725 0.01465274742 0.01374239579 0.01308313409 0.01248122588 0.0132069092
0.01725432193 0.0239717897 0.02819795635 0.02706004404 0.02982967908 0.03193605892 0.03622371206 0.03661037193 0.04346126268 0.0466070113 0.0432472851 0.04787296484 0.04906310419 0.04162680599 0.04052525451 0.04000815939 0.03688841688 0.03501256101 0.03312955205 0.0299266906 0.03052230586 0.02632075162 0.02598837155 0.02774342086 0.02620528946 0.02460446224 0.02462947464 0.02401114114 0.02218767831 0.02136349611 0.02184651607 0.02027579136 0.01962394743 0.0203637363 0.01841907073 0.01819067598 0.01886124062 0.01773172268 0.01691015706 0.01613999251 0.01540089321 0.01469771235 0.0158715414 0.01455110342 0.01514072778 0.0137796356 0.01422469689 0.01342312625 0.01416065074 0.01308591901
0.01717219072 0.02325165167 0.02466334884 0.0280649507 0.02953548899 0.0316412672 0.03945760262 0.0447756646 0.04656958548 0.05029830804 0.05428907153 0.05632424427 0.05472847571 0.04708314418 0.0451444285 0.04285977844 0.03998341172 0.03473869968 0.0330221833 0.0313862463 0.03019315477 0.0271914541 0.02867852745 0.02587597137 0.02498245548 0.02403460401 0.02529049081 0.02300627799 0.02297930472 0.02474036266 0.02220342263 0.02036122408 0.01905158581 0.01926327263 0.0182987481 0.01870705364 0.01761353056 0.01727173516 0.0166656744 0.01601214813 0.01590167148 0.01636053462 0.01518892976 0.01494375012 0.01492739748 0.01530988115 0.01435907701 0.01470141129 0.01318098405 0.01183130335
0.01609369602 0.02295433918 0.02271621673 0.02661331515 0.02747940293 0.03284866725 0.03809070109 0.04712296893 0.05739172546 0.06270165753 0.06976040562 0.06850408669 0.06090876812 0.05493666485 0.0474939906 0.04715223099 0.04201458321 0.03748838475 0.03615255431 0.03205714153 0.03200026532 0.02974256894 0.02987159293 0.03062615665 0.02660432856 0.02521337342 0.02363655563 0.02376356107 0.02366089779 0.0223318445 0.02053593088 0.01927140682 0.01966422789 0.01901954208 0.01872917279 0.0177585043 0.01766667869 0.01677478935 0.01546242988 0.0162082689 0.01592874502 0.01542730703 0.01512293283 0.01518807444 0.01579012635 0.01461664824 0.0136841254 0.01320822078 0.01251675898 0.01286298335
