test_cum_curmap.asc
ncols         100
nrows         100
xllcorner     0.0
yllcorner     0.0
cellsize      0.01
NODATA_value  -9999
[rows 44 to 65 of 100, columns 50 to 99 of 100]
0.0123456232 0.01197048413 0.01131693951 0.01257453256 0.01370211936 0.01319087046 0.01241867379 0.01160227322 0.0122615927 0.01297730537 0.01292730227 0.01240458024 0.01220242471 0.01255430589 0.01293031412 0.01324092745 0.01186367779 0.01346243012 0.01285542906 0.0135507092 0.01320592819 0.01311047345 0.01415916058 0.01491475786 0.01416827345 0.01419758546 0.01406397673 0.01325829585 0.01371884108 0.0137199441 0.01428368063 0.01726988495 0.0153544908 0.01355766524 0.01397955041 0.01505716652 0.01440901655 0.01529815922 0.01446819871 0.01436973703 0.01401849512 0.01446928835 0.01431618266 0.01475404911 0.01433153222 0.01398054857 0.01434153928 0.01349700195 0.01390756512 0.01014714363
0.01171851324 0.01148484554 0.01284266211 0.01279248647 0.01260859386 0.0120966024 0.01135311087 0.01222354379 0.01241580589 0.01247070779 0.01200054186 0.01214582932 0.01237826092 0.01289659421 0.01324555746 0.01191996675 0.01293331145 0.01304948731 0.01326103307 0.01308521332 0.01279047788 0.01369488825 0.01310751609 0.0135734297 0.01286935995 0.01390371796 0.01343029721 0.01329736591 0.01452470262 0.01353147109 0.01484529093 0.01541845647 0.01379826396 0.0131338337 0.01415899489 0.01454419299 0.01521036571 0.01456061117 0.01340823178 0.01399015952 0.01477232012 0.01386946564 0.01412035551 0.01374163886 0.0136292753 0.01439567715 0.01324220085 0.0139081135 0.01305030592 0.009828156222
0.01205529357 0.01287000313 0.01286354789 0.01218979326 0.01276524016 0.01144122535 0.01129939786 0.01260991147 0.01233924521 0.01231670164 0.01225733308 0.01343447002 0.01254771131 0.01306180533 0.01187972874 0.0120410838 0.01299436504 0.01387750825 0.01296232847 0.01233519667 0.01348056616 0.01335671305 0.01237808812 0.0136898974 0.01311157342 0.01419939501 0.01271949618 0.01396694515 0.01359623902 0.0141689061 0.01365378436 0.01355354277 0.01447377825 0.01356301104 0.01349434437 0.01508090319 0.01421564412 0.01337648454 0.01328492825 0.01407330735 0.01417512993 0.01297305083 0.01313072759 0.01319346021 0.01391509983 0.01385702539 0.01324132287 0.01276289596 0.01359406858 0.009146734878
0.01234974435 0.01241586317 0.01257887434 0.01218024477 0.01115081296 0.01213483556 0.01263637272 0.01252918161 0.01227685248 0.01207803881 0.01286513797 0.01261349101 0.01174245461 0.01143401438 0.01225879344 0.0129668721 0.01387921461 0.01212543201 0.01261756275 0.01255631047 0.01304260586 0.01252911768 0.01291842037 0.0130607897 0.01403875923 0.01298892158 0.01220399027 0.01427803271 0.01405165796 0.01280775192 0.01347019432 0.01314882202 0.01521687811 0.01325658241 0.01415003603 0.01368275733 0.0133523629 0.01323487181 0.01378398485 0.01329933416 0.01334054668 0.01291660557 0.01322008462 0.01331257688 0.01297985941 0.01371254057 0.01305019312 0.01343764515 0.01224753453 0.009123907612
0.01193942691 0.01303830501 0.01177231955 0.01184841826 0.01180068055 0.01330908191 0.01245513637 0.0113582133 0.01168462635 0.0124531841 0.01227731764 0.01212218763 0.01169210433 0.01301149931 0.01267000997 0.01385464237 0.01249020147 0.01286526723 0.01273662884 0.01235141138 0.01313219927 0.01265528483 0.01241871184 0.01299302974 0.01364703299 0.01186599788 0.01270138511 0.01590408799 0.01215709313 0.01206434121 0.01463530284 0.01413302994 0.01319071187 0.0128361079 0.01341637964 0.01315325472 0.0129107528 0.01289881713 0.01357683372 0.01291094217 0.01315471842 0.0132135261 0.01325929451 0.01283590019 0.01308679516 0.01291615164 0.01323543507 0.01218808672 0.01208436281 0.009076773004
0.0128750352 0.01167239682 0.01103137701 0.01225047917 0.01300006038 0.01165331655 0.01129604061 0.01209467429 0.01176919715 0.01222685426 0.01292309044 0.01174483164 0.01227273863 0.01278860256 0.01301697292 0.01237522452 0.01181727818 0.01221146073 0.01143809062 0.01305926137 0.01246583534 0.01256132471 0.01181753026 0.01334797494 0.0128734995 0.01181244719 0.01398945395 0.01349320364 0.01213253433 0.01273310587 0.01357725432 0.01347507437 0.01310700716 0.01281957632 0.01289345358 0.01292149347 0.01253156766 0.01276361666 0.01349859055 0.01279827742 0.0129210945 0.01355379456 0.0123040807 0.01270199537 0.01190455122 0.01288525732 0.01213313207 0.01275437945 0.01216864268 0.008098560181
0.0117742187 0.01131034923 0.01184600365 0.01183407685 0.0121208701 0.01182162537 0.01147755868 0.01118203756 0.01210007104 0.01243589418 0.01212288592 0.01226288764 0.01247191761 0.01326403196 0.01211629499 0.01112171677 0.01312025328 0.01154817358 0.01223213394 0.01276164719 0.01253483176 0.01162519515 0.01287890737 0.01214562173 0.01188217129 0.01303266193 0.01306152422 0.01227270135 0.01222668271 0.01335716229 0.01332644496 0.0123801131 0.01276373264 0.012310197 0.01261015684 0.01219719885 0.01288952565 0.01333985977 0.01267983579 0.01270077408 0.01275449584 0.01277844096 0.01214749918 0.01118796259 0.01332888913 0.01177168187 0.01193992359 0.01167254146 0.01194246 0.00837494987
0.01182427644 0.01160891624 0.01217960044 0.01290168778 0.01256584405 0.01183375125 0.01156432211 0.01217441162 0.01274790252 0.01206850212 0.01299966363 0.0123932118 0.01165704266 0.01156038165 0.01173684426 0.0123932113 0.01193364146 0.01150988214 0.01213930452 0.01230423307 0.01180652142 0.01192551099 0.01165002724 0.01228381314 0.0124491476 0.01321172504 0.01239473597 0.0119599501 0.01258101511 0.01445749598 0.01244177591 0.01169118697 0.01206474529 0.01251625045 0.01250573237 0.01231620757 0.01309812371 0.01210938337 0.01251743566 0.0124897568 0.01246278509 0.01182046135 0.01160435598 0.01202505042 0.01151730117 0.01223622885 0.01131590368 0.01210672697 0.01173396722 0.007990076854
0.01170493367 0.01238523172 0.01247928541 0.01226724305 0.0115026575 0.01167098214 0.01104549208 0.01243421618 0.01188694355 0.0122856316 0.01163070364 0.01203614038 0.01119672276 0.01292291122 0.01152155661 0.01190021753 0.01143585313 0.01178090334 0.01255135612 0.0122108395 0.0116959546 0.01155180026 0.01227858423 0.01156488214 0.01280737939 0.01184893274 0.01175273315 0.01199974074 0.01284802881 0.01222778927 0.01189570053 0.01165334705 0.0120894311 0.01155876694 0.0124932724 0.01277525407 0.01157371869 0.01304342208 0.0124147382 0.0114484666 0.01159555277 0.01124579528 0.0128161243 0.01132292276 0.01119939306 0.0121793481 0.0116816445 0.01137487241 0.01093213879 0.008010326759
0.01169830458 0.01235262484 0.0119427229 0.01198247498 0.01117080946 0.01137632242 0.01150783847 0.01176739733 0.01178330608 0.01219020996 0.01221268457 0.01139573293 0.01108896714 0.01215308287 0.0115089397 0.01216906071 0.01170154898 0.01195732958 0.0118792168 0.01171895502 0.01079380834 0.01259372011 0.01165654006 0.01151475052 0.01204565465 0.01203691228 0.01270713788 0.01179130844 0.0128190381 0.01176531761 0.01186719018 0.01164960746 0.01143033279 0.01235155426 0.01165616364 0.01232989023 0.01158556959 0.0124001876 0.01197515251 0.01089225387 0.01193640357 0.01097448462 0.01214586727 0.01183169988 0.01121252326 0.0116961406 0.01068169034 0.01149716432 0.0105875688 0.007672482582
0.01190659857 0.01124171221 0.01184340275 0.01131154848 0.01175112944 0.01207853134 0.01124724502 0.01252495636 0.01151451233 0.01174371689 0.01179437108 0.01121833316 0.01214973572 0.01226315685 0.01212351966 0.01162482944 0.01155956287 0.01122440385 0.01133137656 0.01135717909 0.01188289399 0.01146974611 0.0108200016 0.01273567662 0.01169507542 0.01207309097 0.01176447496 0.01160750706 0.01157420081 0.0115027885 0.01205718903 0.01178004556 0.01169823255 0.01121297665 0.01198259641 0.01101984762 0.01215242381 0.0124572513 0.01122506268 0.01140370963 0.01090572467 0.01151549336 0.01103004703 0.01150313512 0.01148031847 0.01094913742 0.01039229682 0.0111038739 0.01055020974 0.007038822492
0.01216562233 0.01186975471 0.01263709316 0.01226665269 0.01181008822 0.01176709242 0.0112101677 0.01174790223 0.01197085646 0.01168294576 0.01225761845 0.01158586091 0.01172193217 0.01126997045 0.01119627842 0.01119514909 0.01094354211 0.01162729768 0.01109674081 0.01133541293 0.01110867887 0.0116145576 0.01132640074 0.01203363079 0.01257681472 0.01076147093 0.01124922551 0.01144207069 0.01170179211 0.01118731806 0.01252580743 0.0110601142 0.01053113967 0.01132124104 0.01180982522 0.01086395543 0.01167959007 0.01129264992 0.0114665244 0.01085193642 0.01077630297 0.01174739715 0.01043379861 0.01179375541 0.01082069593 0.009988495944 0.01070272602 0.01027263039 0.01005922009 0.007249113178
0.01160860372 0.01174035994 0.01213721159 0.01227857835 0.01171377228 0.01171452395 0.01225360775 0.01218654091 0.01180444673 0.01163971105 0.01159763495 0.01087676923 0.01145133835 0.01173365847 0.01158263165 0.01106077998 0.01124976873 0.01108674455 0.01111392854 0.01120114343 0.0118819793 0.01148710911 0.01246538184 0.01208364026 0.010445185 0.01053297623 0.01101865733 0.01214363268 0.01079616012 0.01067090312 0.01141301132 0.0105123512 0.01151193646 0.01149770629 0.01069504077 0.01069856156 0.01184469026 0.0112203926 0.01106326419 0.01080269697 0.011106767 0.01115523224 0.01075120754 0.01045234201 0.0104226431 0.01027822969 0.009983853426 0.009792106032 0.01046192484 0.00695520091
0.01117677611 0.01206763101 0.01234057389 0.01182501631 0.01153034317 0.01316259548 0.01145862259 0.01114240492 0.0108742012 0.01146383696 0.01086419851 0.01247723102 0.01191316463 0.01154738931 0.01092298025 0.01039606488 0.01131719231 0.0115238556 0.01079933906 0.01134689766 0.01224195381 0.01157073449 0.01141810071 0.01039354541 0.01091794876 0.01069950244 0.01177736236 0.01052347727 0.01121313742 0.01104402862 0.01084258536 0.01294348805 0.01042564701 0.01049210811 0.01059811987 0.010922851 0.01175720381 0.01076244903 0.01088608177 0.01032549114 0.01077436904 0.01101038901 0.0102698664 0.01005051297 0.01009901486 0.009859064775 0.00992796445 0.009992095169 0.009738508359 0.007006862024
0.01156711261 0.01298753189 0.01208467979 0.01217811563 0.01297197484 0.01150751056 0.01125911012 0.01121824058 0.01178517701 0.01195242369 0.01166148038 0.01252517037 0.01066980094 0.01089097713 0.01009119055 0.01038956529 0.01151970969 0.01151049887 0.01026914904 0.01174760262 0.01105079285 0.01093916983 0.0103632796 0.01124876753 0.01036824707 0.01073106951 0.01044420567 0.01091860589 0.01053515409 0.01097927999 0.01076899662 0.01126090945 0.01004482217 0.01020838751 0.0108065392 0.01073108498 0.01167486515 0.009747321485 0.01068081643 0.0104353672 0.01073544941 0.01007570631 0.01016733026 0.009824335778 0.009796396996 0.01013217557 0.009894338296 0.009165502386 0.009801694436 0.006598061169
0.01237342805 0.01273214893 0.01135040833 0.01213661565 0.01163738264 0.01072295736 0.01102221055 0.01147188071 0.01178718914 0.01184448378 0.01124866594 0.0115377472 0.01059592422 0.01046074545 0.01083076642 0.01092706073 0.01192107632 0.01137497247 0.01023951678 0.01133985988 0.01138532744 0.01159127725 0.01024323017 0.01021786485 0.01081342088 0.01008320382 0.01021714475 0.01102523319 0.01033484843 0.01104669861 0.01060897973 0.0105535753 0.01053929573 0.01072591264 0.01038495496 0.01066254371 0.01077714618 0.009881368088 0.01071774127 0.009872250371 0.009666512064 0.01024008362 0.009485745244 0.01024910235 0.00924286008 0.009547790243 0.009427513689 0.009814826134 0.00890841525 0.006312237932
0.01238428349 0.01139452885 0.01162838155 0.01145803454 0.01206565642 0.01021153347 0.01152117695 0.01171231025 0.01113729161 0.01061629916 0.01160791903 0.01171788294 0.01046660961 0.01077042991 0.01042374549 0.01042715416 0.01169716666 0.01044298968 0.01118221531 0.01122405087 0.01087928323 0.01060400149 0.01026487553 0.009942457628 0.01071734696 0.01009382691 0.01087328786 0.01040986962 0.009976021925 0.01073139311 0.01028314649 0.009984981485 0.01051442741 0.01001949154 0.01007192438 0.01014130889 0.01069991041 0.009531197705 0.009719382047 0.009775752427 0.009816853882 0.00920617981 0.01028610615 0.009325459464 0.009435549872 0.0093852704 0.009242260804 0.008822218493 0.008878813735 0.006410805741
0.01219520305 0.01167893258 0.01286372232 0.01258102623 0.01130757161 0.01114236148 0.01212406216 0.01104156096 0.01077685148 0.01159192653 0.01186381211 0.01053564071 0.0103650665 0.01058050488 0.0103229695 0.0109301694 0.01151350131 0.01055722025 0.01089418254 0.01126937369 0.009710790617 0.009855106581 0.01014718095 0.01011867215 0.01012447817 0.01071964325 0.009890134471 0.01026662037 0.009995300729 0.01020037599 0.00988516413 0.01114959448 0.009871617516 0.01027850508 0.009874492397 0.01045973861 0.00930473297 0.01000233448 0.00897109079 0.009785290325 0.009296906764 0.009612573372 0.009646811306 0.00961835871 0.009017374068 0.009060428024 0.008623415584 0.008567817898 0.00942697208 0.005854971116
0.01233732627 0.01259685888 0.01358114993 0.01122915375 0.01055250194 0.01138332138 0.0118178693 0.01140835722 0.01188436882 0.01132421096 0.01089127099 0.01071272428 0.01002127895 0.01016921926 0.01081044789 0.01043881171 0.0107222264 0.01046292002 0.01050891705 0.00989810507 0.009970822151 0.0100891855 0.01006957312 0.009878838173 0.01021688562 0.009887342534 0.01011079468 0.009969963047 0.009276321718 0.01005055343 0.01113079485 0.01016610936 0.009229769316 0.01024113115 0.009927896148 0.009155091844 0.009573666309 0.009563766067 0.008779479488 0.009656065563 0.009166107609 0.009103048403 0.009371614258 0.009064331404 0.00896834053 0.008488735939 0.008865330299 0.00827580444 0.008907039697 0.005851633922
0.01344620591 0.01231650391 0.01094017495 0.01056633555 0.0119131845 0.01194577909 0.01175544981 0.01107844845 0.01129665744 0.01123950955 0.0104505317 0.0102418743 0.0106367018 0.01052773576 0.01020764472 0.01030724683 0.01114988086 0.01019177039 0.009490739731 0.01035350129 0.009749408315 0.009162359654 0.009993429899 0.009643769348 0.009922638868 0.009944787735 0.009825498406 0.009366896633 0.00941182063 0.009972335735 0.01002333198 0.009129764353 0.00991444788 0.009220464325 0.009916907489 0.009182400271 0.009040355168 0.009046824587 0.00928124475 0.008942812047 0.008981355432 0.008505153361 0.009080576058 0.009159574252 0.008526553205 0.008730869581 0.008121155736 0.008558976819 0.008412945192 0.005645289809
0.01147257924 0.01143738082 0.01130355262 0.01228126743 0.01146491637 0.01170920808 0.01195508406 0.01151262361 0.01090517113 0.01048085089 0.01024480691 0.01053908615 0.01022570954 0.01030726069 0.0105598101 0.01119402488 0.01047427541 0.009698917592 0.00995000658 0.0102916319 0.009333208145 0.009714675679 0.009801694337 0.009860133806 0.01004044023 0.009218034042 0.00983006902 0.009540695029 0.009334660638 0.01032920776 0.00965922442 0.009730675668 0.009271060794 0.01008762375 0.008699331627 0.009387865302 0.008456137252 0.009942801493 0.008247289398 0.0087049843 0.008867476815 0.008589773105 0.008627610365 0.008718307409 0.008920025787 0.008166038657 0.007940337458 0.008728729504 0.008003544187 0.005363123122
0.01166009677 0.01190296043 0.01160194227 0.01126879645 0.01104509735 0.01210054243 0.01177486386 0.01121775338 0.01098127789 0.0110563757 0.01036701135 0.01096500038 0.0102309449 0.01051607616 0.01023133501 0.009919731421 0.0100536323 0.00942902581 0.01015325167 0.009164480015 0.009895838532 0.009193521131 0.009487540855 0.00979074247 0.009612956779 0.009053898199 0.009527590589 0.00951529866 0.01039522149 0.009397690109 0.008544026762 0.009198134154 0.009621704265 0.008855000465 0.008646854025 0.008325115438 0.009732779853 0.00788189098 0.009085146173 0.008375988184 0.008224719236 0.008123634726 0.008476269887 0.0085242874 0.008480284113 0.00829917415 0.007515477855 0.008870731134 0.007470977917 0.005140239384
