test_voltmap_1_2.asc
ncols         100
nrows         100
xllcorner     0.0
yllcorner     0.0
cellsize      0.01
NODATA_value  -9999
[rows 24 to 47 of 100, columns 0 to 54 of 100]
646.1893936 646.2301288 646.3604512 646.6015199 646.9031547 647.2923834 647.784598 648.3944479 649.0962554 649.920506 650.9092161 651.9191371 652.9550428 654.0269922 655.2634414 656.6045839 658.0353872 659.5642635 661.1658972 662.814799 664.5244214 666.3537625 668.239474 670.329667 672.5479283 674.6078791 676.7672021 679.3169035 681.9751584 684.5457558 686.9803825 689.5141027 692.2286902 695.1008156 698.1074302 701.0840875 704.2188642 707.633707 710.9860308 714.2282502 717.5586122 721.0449383 724.5926075 728.1857977 731.765116 735.3973457 739.335843 743.2103975 747.1262651 751.2371539 755.4619234 759.6516349 763.8155615 768.2377274 772.8181979
643.8606614 643.9032866 644.0415072 644.3026078 644.6647147 645.0949438 645.6120181 646.2145579 646.8904819 647.7327704 648.678828 649.6629839 650.7627536 651.8872152 653.1271337 654.5139764 655.8879232 657.3935655 659.0375079 660.6716385 662.4102937 664.1833047 666.041783 668.111382 670.3439445 672.4526389 674.5936939 677.0683283 679.8005525 682.3738248 684.7962894 687.280904 690.0159304 692.8804194 695.900421 698.8856518 701.926654 705.1483723 708.5024841 711.8184477 715.1204595 718.6427145 722.2679929 725.8888043 729.3981218 732.9712136 736.8457483 740.6130697 744.5106247 748.6578319 752.7930268 756.9705122 761.0822907 765.393893 769.8966537
641.4289371 641.5395917 641.7288142 641.9758147 642.3237801 642.7899666 643.3273465 643.9659452 644.6498096 645.4977338 646.417549 647.3326348 648.3560533 649.5395969 650.8508992 652.2225058 653.5773254 655.1027305 656.8120074 658.5024691 660.2693146 662.064268 663.9412689 665.9869764 668.158723 670.3295168 672.4833594 674.8797122 677.5578512 680.2233393 682.6217256 685.0279333 687.6972588 690.5515254 693.4846921 696.5113571 699.6664877 702.8054245 706.0538195 709.3332737 712.6776715 716.1737495 719.7784266 723.4198363 726.954146 730.503256 734.2561309 738.0310236 741.9133107 745.9280791 749.8568454 753.9442054 758.1765765 762.3744178 766.7465833
639.0198329 639.122711 639.2970666 639.5693483 639.9184752 640.4009655 640.9503438 641.5923072 642.2449298 643.0122446 643.9376871 644.9263262 645.9379517 647.0787417 648.3449096 649.7198344 651.1406028 652.7454444 654.4528273 656.193711 657.9461666 659.7400039 661.6101674 663.6194384 665.7366401 667.9213271 670.1200875 672.4894805 675.1088619 677.7995109 680.3470806 682.8338428 685.4069069 688.1987357 691.0989172 694.0528617 697.2033541 700.4271238 703.6300459 706.8429689 710.2214168 713.7365822 717.3793317 720.9587999 724.5154058 728.0971294 731.7301689 735.4493736 739.3825406 743.3107164 747.1273318 751.0562404 755.257327 759.3757972 763.6367396
636.5019676 636.5426824 636.727283 637.0280737 637.4056179 637.8375547 638.3743643 638.9941738 639.7116554 640.4921034 641.4032101 642.4467748 643.5152895 644.6909545 645.9597697 647.2943583 648.662556 650.2047638 651.8630572 653.6142553 655.438137 657.2817338 659.1773585 661.088298 663.1587013 665.4322339 667.7213366 670.0610657 672.6019218 675.2371217 677.8596925 680.4551984 683.0533924 685.8148862 688.6402233 691.5012596 694.6407753 697.828833 701.0173764 704.2920709 707.6051147 711.0662855 714.7549487 718.3709162 721.9235748 725.5072309 729.0879192 732.7990378 736.703643 740.6581763 744.4907695 748.2787619 752.2349473 756.2414646 760.4502563
633.8419796 633.9210061 634.1410788 634.4626087 634.8117619 635.2084048 635.7225419 636.3859822 637.1806152 637.9643923 638.8799132 639.8965294 640.9771816 642.1299317 643.4369073 644.7814158 646.0682069 647.4922429 649.0963296 650.8797753 652.8086426 654.7954229 656.7381076 658.6418764 660.6322669 662.8766525 665.2113877 667.5340407 670.0110197 672.6468123 675.2812172 677.9355494 680.5971319 683.3491186 686.0823343 688.916989 692.1030791 695.238398 698.4312392 701.7440489 704.986986 708.3407077 711.8870272 715.5322366 719.1476799 722.727775 726.3949574 730.0660595 733.8305975 737.7999878 741.6313715 745.4140557 749.1918385 753.0912459 757.2465483
631.0748931 631.1619279 631.3718169 631.6791492 632.0332835 632.481651 632.9914972 633.6096684 634.3529241 635.1427547 636.0438103 637.1014989 638.2043721 639.3093683 640.5348643 641.9482833 643.4229444 644.8762528 646.4281361 648.1477545 650.0114044 652.0490636 654.11089 656.1148419 658.1207658 660.2078859 662.4734205 664.834595 667.2974649 669.9015615 672.6101035 675.3246812 678.0083044 680.7536575 683.4226177 686.3127579 689.4787553 692.5683689 695.714006 698.962826 702.2287486 705.6272079 709.1134175 712.6253929 716.2057812 719.8015234 723.5713898 727.2224297 730.936205 734.8337106 738.691399 742.5706503 746.3564455 750.1379441 754.071576
628.1859058 628.281209 628.5034588 628.764421 629.1279755 629.5792481 630.0985968 630.6672784 631.4074898 632.2551368 633.1408906 634.1432289 635.2880538 636.5189726 637.7884051 639.1465422 640.6629944 642.1817471 643.8613597 645.5593374 647.3201936 649.2838046 651.3740342 653.4347197 655.5279853 657.6662729 659.8633113 662.1711584 664.5614796 667.0970233 669.7702349 672.4961815 675.2626509 678.0541862 680.7847035 683.7214701 686.7755025 689.8333567 693.012994 696.1965353 699.4022593 702.8130881 706.2840482 709.7054441 713.2026467 716.8487625 720.5586574 724.2334436 728.1178365 731.9070586 735.7520463 739.6873075 743.4247081 747.154245 750.9945537
625.3021486 625.351589 625.4757789 625.7174833 626.0768957 626.5382451 627.0833215 627.7072488 628.4909175 629.393237 630.3173084 631.2898611 632.3264241 633.5602226 634.9185494 636.4004735 637.9035037 639.4532399 641.1685917 642.930033 644.7185877 646.6236729 648.620787 650.601551 652.7711257 655.0284704 657.2234506 659.4640582 661.8999892 664.3864488 667.0489326 669.7538586 672.5411352 675.3830353 678.0990798 680.9945976 684.0548894 687.0425667 690.2521624 693.5350076 696.6420795 699.9353295 703.524588 707.0107889 710.4703404 714.0554192 717.5078409 721.0966265 725.1159702 728.9474758 732.7728279 736.6790743 740.4489606 744.2272854 747.996267
622.3338692 622.3561264 622.4691017 622.7247676 623.0936963 623.5385317 624.0953368 624.7715111 625.5455762 626.3685829 627.2759365 628.3248496 629.439362 630.6165609 631.9472657 633.4896401 635.018181 636.6171887 638.2940355 640.0826954 641.9094171 643.8248603 645.8379051 647.8138654 649.9557553 652.2612238 654.4895069 656.7647591 659.180725 661.6236737 664.3256292 666.9733928 669.62885 672.4544293 675.1754851 677.9967507 681.0972801 684.127956 687.2815928 690.7079278 693.8840489 697.0669307 700.6462354 704.2017597 707.7217462 711.2980283 714.6538506 718.12665 721.9580254 725.8047473 729.7104891 733.5293477 737.2910271 741.1565625 744.9176465
619.1099231 619.1608352 619.3059752 619.5994231 620.0337011 620.5130096 621.0267879 621.6360431 622.3808137 623.2356093 624.1844251 625.3147149 626.5210582 627.6913803 628.9157224 630.2793369 631.7655143 633.3799095 635.1637593 637.0697721 638.9680895 640.9583592 642.9829451 644.9705698 646.9731528 649.2525611 651.5352134 653.8568874 656.2938235 658.74771 661.3999802 664.0342445 666.610021 669.485531 672.3286296 675.1312686 678.1522172 681.1884129 684.3457305 687.8093858 691.0896462 694.2150585 697.5912551 701.195328 704.8740906 708.4040835 711.7568842 715.1623259 718.7552714 722.543372 726.5040481 730.2889826 733.9652636 737.9024524 741.8188336
615.8001661 615.8516712 615.9543105 616.1724432 616.6056289 617.2025957 617.7986774 618.3668804 619.0333487 619.8970022 620.9600228 622.0961338 623.2653019 624.4544039 625.7373455 627.1587128 628.7045927 630.2207345 631.8468438 633.7376719 635.8012831 637.8563088 639.9043722 641.915932 643.9598606 646.1411836 648.4478956 650.8201217 653.3323387 655.8391042 658.4405263 661.0515708 663.6766926 666.5832118 669.5048078 672.3991097 675.2734111 678.220946 681.4216025 684.8001562 688.0839906 691.3045214 694.6607691 698.2082502 701.8222972 705.2113957 708.5759559 712.0848337 715.6147964 719.2602236 723.2250751 727.0192782 730.6626465 734.6238512 738.50479
612.344912 612.4198542 612.5847829 612.8039027 613.1683435 613.7037539 614.3581128 615.0691075 615.821928 616.6409439 617.6018156 618.678234 619.8072182 621.0818566 622.536729 624.0609494 625.685866 627.2772571 628.8108663 630.487505 632.4243404 634.4738446 636.5836948 638.8057646 640.9640322 643.1062719 645.4549108 647.8417695 650.2539084 652.7473754 655.4292599 658.1060094 660.8162518 663.6591283 666.5770941 669.5473723 672.4737635 675.3843084 678.4232188 681.6784256 684.9657809 688.2132978 691.5570331 695.0796714 698.6443169 702.1215358 705.5784015 709.0809343 712.5423232 716.1106063 720.0039087 723.7405547 727.3970462 731.2646513 734.9802381
608.8327893 608.9247988 609.149514 609.4357634 609.7752486 610.237079 610.8503694 611.6303485 612.5044895 613.3563874 614.194787 615.2967096 616.5666765 617.8435331 619.218826 620.6839569 622.3262392 624.057767 625.6752733 627.2942912 629.0771746 631.0772275 633.1708299 635.3995484 637.7192389 639.8940748 642.2514347 644.7943891 647.2459774 649.6819628 652.3127954 655.0475129 657.8813879 660.7228589 663.5873016 666.5044788 669.4838961 672.4602426 675.4643218 678.579444 681.8198454 685.0503528 688.4198089 691.9684679 695.4876582 698.9572527 702.4385038 705.9908727 709.3863476 712.899554 716.7591473 720.4815523 724.1527548 727.8488303 731.4959423
605.5350411 605.5944831 605.7637857 606.0380532 606.3210291 606.7037617 607.2945719 608.0703491 608.9170037 609.8046587 610.7340639 611.8872409 613.2408151 614.5018305 615.7765702 617.197614 618.7532119 620.4744035 622.2048407 623.9140309 625.7229263 627.729933 629.8057807 631.9932009 634.3739413 636.658044 638.9130547 641.4859275 644.2198825 646.7217822 649.1541769 651.7974227 654.6530695 657.5666305 660.4407876 663.3160318 666.2107439 669.2840936 672.3817165 675.4409709 678.5748385 681.8430972 685.2316544 688.6918278 692.1750567 695.5597857 699.0292814 702.6703253 706.1097429 709.5769521 713.2915692 717.0884921 720.7845528 724.3638901 728.0531112
602.1352293 602.2059517 602.3715118 602.6206263 602.9789272 603.3463215 603.8422529 604.5512704 605.425333 606.3616539 607.3769167 608.4689718 609.6626408 610.8514814 612.1453023 613.5676344 615.0900467 616.7868676 618.6618935 620.5735857 622.4734301 624.4995393 626.6121534 628.7736398 631.0712891 633.4491358 635.6986127 638.0649817 640.7898441 643.482076 646.0151827 648.5606862 651.3345704 654.1901818 657.054831 660.008574 663.0264801 666.0911499 669.2872209 672.4073543 675.4722699 678.681333 681.92634 685.3076588 688.8051004 692.2601125 695.8275666 699.3914741 702.9313373 706.3596011 709.941487 713.7187149 717.3161254 720.7802428 724.5590283
598.3872118 598.5000241 598.7004617 598.9975907 599.5014787 600.0678284 600.4903311 601.006128 601.8287388 602.8857124 603.8461832 604.8399887 605.9563962 607.1373128 608.3701017 609.7955501 611.3782225 613.1206096 615.0631014 617.1243683 619.1002657 621.1440188 623.2576015 625.3311828 627.5665622 630.0382395 632.4636162 634.7861726 637.2337969 639.9103031 642.6108439 645.2151222 648.0637747 650.9445184 653.7073324 656.5962201 659.7602576 662.88085 666.0861862 669.2866042 672.3883074 675.5877535 678.8029597 682.1765074 685.599274 689.0842662 692.6531989 696.1657603 699.7308158 703.1979769 706.6730977 710.330642 713.8493867 717.2485227 720.9277543
594.6788447 594.7136822 594.8748154 595.2253382 595.6845273 596.3381536 596.9682136 597.5933693 598.318637 599.2795891 600.15712 601.074168 602.1955435 603.5152718 604.8221137 606.2381397 607.8292234 609.558219 611.425037 613.4835753 615.5383782 617.6076807 619.7515032 621.8498891 624.0193382 626.3865553 628.9090836 631.4266356 633.8415348 636.3682288 639.1434083 641.8611922 644.7487694 647.8022863 650.5129116 653.2839001 656.3900499 659.5263786 662.6942321 665.9388408 669.1755734 672.3876115 675.5758784 678.9427936 682.3109044 685.7116682 689.2481115 692.8063028 696.2851598 699.8349225 703.4389864 706.9594934 710.4494536 713.8125966 717.3327123
590.8824481 590.9672647 591.1684094 591.4972586 591.9629389 592.5079718 593.247995 594.0141268 594.7603359 595.5356535 596.4692852 597.5038081 598.7236981 600.0814267 601.4109758 602.7262136 604.2081275 605.9217548 607.8069605 609.7962004 611.7945495 613.8971721 616.161558 618.3847991 620.4757903 622.7773874 625.2489903 627.9276506 630.4860503 633.0657746 635.8108878 638.4843234 641.2802276 644.3688798 647.1662256 649.8758135 652.8721839 656.1045466 659.3099457 662.5812341 665.9212581 669.0866298 672.2083799 675.427816 678.8608728 682.2842276 685.785693 689.4555344 692.9885901 696.5647043 700.1214065 703.5528944 707.062136 710.4235926 713.8672039
587.0679986 587.1845819 587.3868314 587.6477076 588.1495514 588.7051411 589.2924574 589.9461222 590.713426 591.5904631 592.6583726 593.8167653 595.0620989 596.4367434 597.768551 599.0763261 600.4869848 602.1361064 604.0000605 605.9880546 608.0194903 610.1451514 612.4691464 614.7410238 616.8179481 619.1035099 621.6397926 624.3108106 626.9393717 629.534675 632.2386544 634.9342623 637.6493883 640.6925362 643.7100154 646.5229426 649.4866131 652.7111312 655.9156314 659.1239941 662.4764403 665.7623914 668.9365309 672.0969599 675.474931 678.9226082 682.3983918 686.1030341 689.6431409 693.2169576 696.741569 700.154519 703.6721661 707.0486724 710.3393878
582.9870783 583.1639993 583.4563637 583.7544284 584.0545412 584.5395599 585.1903338 585.845568 586.5515955 587.5144066 588.6946872 589.8753335 591.0283019 592.3374844 593.826602 595.3220667 596.7838341 598.3363108 600.1771307 602.1771099 604.2811721 606.3543056 608.6738647 611.0491157 613.2008279 615.4062395 617.9531879 620.550378 623.1576992 625.711809 628.4287409 631.2570968 634.0215717 637.0818797 640.2377398 643.1655777 646.1479162 649.3470333 652.5210114 655.7465887 659.0566519 662.3846677 665.6312655 668.7582216 672.0847545 675.506173 678.8831291 682.4589334 686.0544784 689.7621649 693.3877406 696.7749229 700.2196533 703.6544199 707.0399036
578.8102522 578.9156193 579.1489584 579.4310734 579.7601145 580.2595992 580.9604344 581.7362816 582.6112572 583.6047219 584.7834548 585.9329815 587.0942814 588.3430959 589.8182786 591.4234243 593.0212858 594.6218431 596.3709499 598.3180763 600.3527543 602.398785 604.6817186 607.2290563 609.486285 611.7216732 614.1787903 616.781792 619.4838594 622.1389018 624.8059797 627.577685 630.3901261 633.4717586 636.5277896 639.4544202 642.4907998 645.7500549 648.9945523 652.2838911 655.5833607 658.9055597 662.1753618 665.4091066 668.7548965 672.0918995 675.4470729 679.0230767 682.5825042 686.1806962 689.7797363 693.2402051 696.6716082 700.2076289 703.617865
574.6143305 574.6127512 574.7138719 574.9972964 575.4319399 575.9612434 576.6180178 577.5359929 578.4958494 579.5748495 580.6077094 581.7486278 583.0165632 584.3939953 585.8437209 587.4638356 589.1255584 590.721523 592.4240077 594.4096233 596.5064873 598.5827971 600.821173 603.3103741 605.6099216 607.93526 610.3920818 612.9688383 615.6812565 618.5219156 621.3101441 623.9850413 626.7303451 629.8087278 632.92906 635.9029843 638.9128236 642.1568047 645.42199 648.7721536 652.1810791 655.4632806 658.6875409 661.9644197 665.4517611 668.8645628 672.2075498 675.6415725 679.1152543 682.6286858 686.2056433 689.814913 693.2092385 696.6481316 700.056954
569.9115472 570.0596923 570.332079 570.6704955 571.0243023 571.4692604 572.0704647 572.9229499 573.8568599 574.9467618 576.0330499 577.2372762 578.5959205 580.1013425 581.609932 583.2151574 584.9739943 586.7048901 588.5280361 590.4825011 592.6215715 594.7251984 596.953371 599.2685149 601.6424559 604.0385421 606.5371818 609.1692321 611.9053143 614.7897527 617.7312636 620.4680617 623.1879281 626.2210563 629.3615168 632.4351711 635.536185 638.7820591 641.9379778 645.2638759 648.8098594 652.0748073 655.2659028 658.5109678 661.9509056 665.4129792 668.8812074 672.3073173 675.7353278 679.2001065 682.7894552 686.3976825 689.7880323 693.1896895 696.6028119
