test_voltmap_1_2.asc
ncols         100
nrows         100
xllcorner     0.0
yllcorner     0.0
cellsize      0.01
NODATA_value  -9999
[rows 72 to 95 of 100, columns 0 to 54 of 100]
410.0715733 410.1826507 410.578936 411.2534732 412.2123958 413.3697594 414.8826889 416.7047066 418.7288589 420.8270608 423.2528579 426.24699 429.5100281 432.5165374 435.5720334 439.0840015 443.0021262 447.2778861 451.8277129 456.4792515 461.2035355 466.087872 470.7411813 475.3663019 480.2808921 485.1707538 490.3064201 495.1810431 499.8184149 504.7249682 509.6462435 514.7333084 519.8376901 524.7906486 529.5560691 534.4164046 539.1618604 543.7513061 548.4385479 553.1009505 557.7973974 562.5713174 567.2351599 571.7902741 575.9933907 580.0819896 584.390879 588.5325319 592.8935952 597.059461 601.0715192 605.1868765 609.1579492 613.1159977 616.8893559
401.010686 401.3295681 401.8081879 402.3453257 403.2734128 404.5872626 406.0864637 407.8464835 410.0909947 412.4700859 414.9615232 417.8988038 421.4227028 424.9130633 428.237615 431.8056299 435.8726746 440.3060488 444.9788173 449.7174196 454.55993 459.7863177 464.7538407 469.8028735 474.9958133 480.012508 485.1834778 490.2189433 495.0418518 499.9168335 504.9773582 510.0646816 515.388659 520.478564 525.3327529 530.4295358 535.4704957 540.2447995 545.0487607 549.8076994 554.4688516 559.2481393 564.0628208 568.7392568 573.0536933 577.2135916 581.5848323 585.6550507 589.8570329 594.1385768 598.3166707 602.3807296 606.3516222 610.372563 614.2499761
391.9534821 392.0436955 392.4955544 393.3710512 394.4947952 395.9343228 397.3895961 399.1536108 401.2955768 403.890119 406.614697 409.6192366 412.9668873 416.6904936 420.3485669 424.2188693 428.3055602 432.7067141 437.9495318 443.1678286 448.3628961 453.5965156 458.6474345 463.8357569 469.2131196 474.6124437 479.9857314 485.2680808 490.3155194 495.3296588 500.5527791 505.8212433 511.1744554 516.3042437 521.1961859 526.3887133 531.5370633 536.5066068 541.6213975 546.4998684 551.1551048 556.0035421 560.9040947 565.6530055 570.0653109 574.3329854 578.755052 582.9268563 587.033062 591.1578488 595.3122255 599.5778916 603.7278511 607.760064 611.7074856
383.0136987 382.9218404 383.1635593 383.8628825 384.9992836 386.4698379 388.272777 390.0579525 392.1486849 394.6458577 397.5874078 400.7767315 404.2239635 408.2045322 412.1975869 416.5504231 420.8574978 425.243235 430.416734 436.1962171 441.7944588 447.2598236 452.5707613 457.823175 463.2007886 468.8955079 474.7020278 480.2018541 485.4733603 490.8320541 496.2783138 501.6900763 507.1651651 512.181994 517.0489501 522.3236634 527.5063713 532.7396821 538.0350839 542.9615824 547.7722205 552.7174445 557.7722406 562.6474765 567.2080586 571.4905481 575.9213146 580.3166315 584.5114346 588.6004664 592.6483976 596.7993497 600.9435693 605.0909128 609.1461807
373.377812 373.4607818 373.7117028 374.2270764 375.0947648 376.3184137 377.9728194 379.8897609 382.2606517 384.8354175 387.9401263 391.4363222 395.4297996 399.6131234 403.6914986 408.3973563 413.2691216 417.9115948 422.8201265 428.6113795 434.6094089 440.3956835 446.2110412 452.0275696 457.5561123 463.2939103 469.3891317 474.9736633 480.4574753 486.1946396 491.8202436 497.4189572 503.0880127 508.3304242 513.3857641 518.5612418 523.7273644 529.0885117 534.4933031 539.5509466 544.4639309 549.5269145 554.7908033 559.7282454 564.3474477 568.6601409 573.040322 577.5343618 582.0064972 586.2472792 590.2144005 594.2655724 598.3965084 602.5327004 606.5520353
363.2127782 363.583468 364.0126722 364.465642 365.082331 366.2797969 367.8503925 369.9678888 372.4394148 375.0877197 377.9492194 381.4546211 385.7328674 390.16941 394.6987818 399.4740809 404.6940923 409.9641893 415.3834449 421.2363088 427.5320361 433.6256778 439.7090667 446.1120962 452.048252 458.009221 464.0514042 469.8329316 475.6104761 481.5344035 487.4039142 493.2976039 499.0141246 504.5058264 509.9187333 514.9878248 520.1285129 525.7009885 531.1800592 536.4229139 541.3780909 546.5534718 551.95254 557.0250452 561.6057071 565.9314734 570.3172745 574.8053107 579.4429236 583.8790296 587.9863128 592.0806626 596.142528 600.2155292 604.1091339
352.7847463 353.2287311 353.8510648 354.2576772 354.9543915 356.0716223 357.7384537 359.8278091 362.327261 365.018859 367.7022341 371.1246388 375.6922717 380.8155844 385.8291554 390.9754866 396.1730335 401.7326698 407.7438636 413.9755613 420.5639698 427.0587893 433.5143009 440.161779 446.5860779 452.9911569 459.1213195 464.9444598 470.9348319 477.1017728 483.245068 489.3199143 495.0749453 500.6797141 506.3031855 511.5345326 516.7063083 522.2875732 527.8019805 533.127418 538.3988671 543.6356119 549.1283955 554.3915964 559.0413242 563.4370185 567.8219846 572.2223792 576.9185596 581.4591562 585.6586509 589.8447984 593.9358747 598.0087197 601.8345627
342.5041343 342.513475 342.9006463 343.6583114 344.536092 345.447907 346.9060091 348.6841621 351.0470635 354.1561727 357.4752626 361.0988717 365.5572388 370.8936517 376.3597314 382.0644434 387.8457219 393.7700656 400.1478111 406.784073 413.7043067 420.5538941 427.2605741 434.0884214 441.0914424 447.9642283 454.2058581 460.2201564 466.4077566 472.8343986 479.0981602 485.2560685 491.3483453 497.0610557 502.5685942 507.9955863 513.384319 519.0133868 524.3730052 529.7262213 535.4238221 540.7435569 546.237154 551.618164 556.4920101 561.0419298 565.4651321 569.7983538 574.4164625 579.0232152 583.3554631 587.5931844 591.7370686 595.7800035 599.6806054
332.0741431 332.0369607 332.1239583 332.756782 333.5275913 334.4817161 335.6598964 337.239588 339.4715191 342.4385768 346.1107809 350.0439442 354.5985586 360.2486287 366.346379 372.5243226 378.8784977 385.4962629 392.4881497 399.7769648 406.8773597 413.8828477 420.8124768 427.9194385 435.1868269 442.4685254 449.2561993 455.6430171 461.9799949 468.5375654 474.931199 481.2331494 487.6283143 493.6285514 499.1574656 504.7331636 510.2711775 516.0343867 521.3609242 526.6163637 532.4668233 538.0409074 543.4443708 548.7742408 553.8932525 558.6840791 563.2534807 567.6543654 572.2362689 576.8642714 581.1092839 585.3750328 589.6083124 593.5735372 597.5074225
321.762291 321.670339 321.7657146 322.065187 322.5656582 323.2712311 324.1894382 325.5193248 327.7035513 330.5626852 334.0708825 338.2198178 343.2929654 349.5091343 356.286118 363.008764 369.9376127 377.0428543 384.5219373 392.4005972 400.0615568 407.4186639 414.7443318 421.9915041 429.4462961 436.9976247 444.1854887 450.9289526 457.5981487 464.1668173 470.5129351 477.1462358 483.7511382 490.0366759 495.8535113 501.5848996 507.3041616 513.0475296 518.430794 523.7213715 529.5027924 535.2748703 540.6737528 545.9276411 551.1937258 556.2307739 561.0583654 565.5586941 570.1127381 574.7585482 579.1109623 583.3594787 587.5837746 591.5419918 595.4588583
311.3148181 311.1917774 311.0941739 311.0424648 311.2497596 311.5963747 312.2016087 313.3184514 315.2976779 318.2516023 322.0747176 326.5364988 331.8623121 338.2729459 345.5309177 352.8576913 360.5992552 368.2128281 376.0389122 384.4245053 392.8489937 400.7403868 408.6460018 416.2275205 423.8017058 431.593759 438.9036695 446.1271871 453.3433609 460.0173026 466.5593477 473.2263387 479.78005 486.3327042 492.5533123 498.5738066 504.4695074 510.208163 515.6778634 521.0993325 526.7771205 532.5348505 538.0347852 543.3613809 548.5372442 553.6704778 558.741919 563.4118264 568.0128239 572.5895529 577.1267149 581.492415 585.7115288 589.7343287 593.6645889
300.6918856 300.5849561 300.3239568 300.0882974 299.7174298 299.509393 299.6754108 300.5147335 301.8578522 304.4611676 308.5740209 313.782748 319.2421912 325.837197 333.7268754 341.8729716 350.1356158 358.8804825 367.7303386 376.7196505 385.5361866 394.03625 402.652577 410.6249661 418.3328779 426.4638931 434.1889913 441.6198786 449.086138 456.0491242 462.8133291 469.5194384 476.0230864 482.8217354 489.3239673 495.5086687 501.7074806 507.4810044 513.0283585 518.8148252 524.4571235 529.9712162 535.5818391 541.0498074 546.1089796 551.302247 556.5241357 561.4068676 566.0417873 570.5007927 575.1216902 579.6705841 583.9344111 588.1110437 592.0511307
290.6373659 290.3887119 289.9976744 289.2485502 288.2797951 287.2073309 286.5383949 286.2731299 287.0841344 289.2920394 293.1758273 298.7348453 305.2867507 313.0566211 322.007414 331.0610598 340.1574678 349.7306665 359.431023 369.2416655 378.656194 387.6271525 396.8325348 405.1686418 413.0054879 421.408748 429.5902447 437.1757979 444.7579731 452.0079374 459.1082298 465.9845145 472.6158647 479.4458367 486.1288437 492.6051205 498.9552634 504.7156119 510.3962908 516.4966911 522.230923 527.6944166 533.3218758 538.8304871 543.9168709 549.116514 554.3455073 559.3142108 564.1337756 568.5774206 573.2343332 577.8907705 582.2097428 586.5758414 590.5392107
280.2094834 280.0984275 279.4302369 278.0865933 276.3372045 274.2214154 272.0022174 270.40377 270.3870131 271.7989467 275.1708261 281.3099565 289.7185903 299.406663 309.9893004 320.1055422 330.2826596 340.8939372 351.4456913 361.9174932 371.8846977 381.4781529 391.0389482 399.7731759 408.1912907 416.8210353 425.247187 432.9901867 440.850729 448.1778956 455.2127261 462.4572373 469.6188147 476.528807 483.2297659 489.9088482 496.3104938 502.1867418 507.992451 514.1783525 520.0570178 525.572199 531.1625093 536.7512562 541.9123429 546.9878184 552.227689 557.2447712 562.0977809 566.737129 571.5073461 576.1434853 580.4782125 584.983688 588.9872897
270.2728841 270.0400552 269.0825361 267.3641247 264.7641939 261.5976368 257.9884615 254.4793191 251.711877 250.8781544 253.7221026 261.1532915 271.7733451 284.344664 297.4691765 309.2787865 320.426324 332.2645184 343.7748971 354.8918585 365.4262235 375.7227031 385.6749729 394.5083625 403.335014 412.502583 421.1164902 429.1749174 437.2307251 444.6192383 451.6438223 459.074106 466.6518684 473.6727085 480.530379 487.326815 493.6923892 499.8097213 505.8966169 512.0281662 517.9472624 523.5777163 529.1350656 534.8392094 540.0344488 545.058672 550.4017531 555.4891551 560.3260902 565.0732094 569.8869085 574.5795013 578.9539334 583.3825097 587.4697102
261.962434 261.2323918 259.5607517 257.3128254 254.1681283 249.9199157 244.5872436 238.336422 232.1721533 228.5971294 230.2980444 238.684687 252.357362 268.7213524 284.9209419 298.8192127 311.3602336 324.2210136 336.7304152 348.3565585 359.3884038 370.5169751 380.6014018 389.7508966 398.9730513 408.1847565 416.9477306 425.4330594 433.7589589 441.3887012 448.5979837 456.0049433 463.4925797 470.8017344 477.9376112 484.8004317 491.1629319 497.438786 503.7926154 509.9727312 515.9898563 521.6424516 527.2482862 532.9529177 538.2338551 543.3286592 548.7237371 553.8107482 558.7518346 563.5817579 568.3453365 573.0484063 577.5562788 581.9497007 586.0684476
254.0639524 253.1195157 251.0458602 248.3510592 244.5300536 239.0136976 231.5205733 221.8175425 210.6767162 200.778343 199.1829575 210.3539475 230.8593009 252.9361453 272.6818209 289.0701936 303.2973306 316.9606041 330.3943038 342.6317442 354.1102916 365.6762602 376.0582547 385.6803135 395.2770019 404.4801909 413.2629133 421.6975508 430.0093224 438.1167003 445.7083715 453.1421047 460.679487 468.1485357 475.511464 482.5380734 488.9032707 495.2681463 501.8156806 508.1225851 514.1805015 519.8016073 525.3781132 531.1670986 536.5221479 541.7439553 547.1317872 552.2777057 557.3759576 562.1856009 566.8519506 571.5790694 576.2457946 580.6208812 584.8543749
246.599843 245.9352955 244.1518346 241.2544153 236.7106731 229.9424048 220.587409 208.0414652 190.4713266 161.8145356 151.4017445 171.3777882 210.8542744 239.3730003 262.0422264 280.41472 296.1126782 310.7008504 324.8597992 337.6323241 349.5353348 361.3173074 371.700293 381.7888928 391.8026509 401.1548876 410.0567274 418.4993738 426.8034872 435.0860403 442.917919 450.5929892 458.2522613 465.7531227 473.2702535 480.4502019 486.9445601 493.4239928 500.0001666 506.3621876 512.5619448 518.1318087 523.5549655 529.4304381 535.0195094 540.3870818 545.754894 550.9877887 555.9859648 560.8263484 565.5984774 570.219606 574.9265313 579.4110495 583.7170292
240.8214882 240.1079085 238.2861837 235.2285028 230.2464121 223.0590913 213.225278 199.7311516 179.1604016 142.3939509 -2.804211323e-06 152.3609223 199.7372982 231.0571067 254.6155536 273.9600811 290.4158349 305.7616544 320.1729546 332.9888526 345.3532889 357.2699333 367.9620262 378.2957277 388.5470431 398.1184663 407.1103841 415.7256912 424.1916283 432.4130155 440.2545145 448.1194 455.9726555 463.5863407 471.1305285 478.3321948 485.0398323 491.5635276 498.211471 504.7504476 510.995056 516.5545177 521.8717388 527.83525 533.7139618 539.0317756 544.4131977 549.7581851 554.6520809 559.4988338 564.5058569 569.1647672 573.7462136 578.2801128 582.6298915
235.9921541 235.2120379 233.2901672 230.2140171 225.4907809 218.8347903 209.7889223 197.6805432 180.5075281 152.6772673 142.8625072 163.0942351 201.4137773 229.2851453 251.0559828 269.7612712 286.3553357 301.9513715 316.5520443 329.3374806 341.7253334 353.6938058 364.572903 375.0861107 385.6093039 395.4993655 404.3280731 413.137282 421.8686887 429.9232221 437.9673452 445.9591936 453.8857404 461.6014433 468.9955977 476.2611864 483.3234898 489.9347025 496.5406957 503.1832057 509.3373475 514.999057 520.4480128 526.4088636 532.4415011 537.8005996 543.1609809 548.5527715 553.4778392 558.3174703 563.4817421 568.1897252 572.7295557 577.3138607 581.6154881
232.0943071 231.3898204 229.622663 226.8600093 222.8387469 217.064775 209.6264238 200.3848358 189.8198612 180.8921286 179.8558546 191.402995 210.9477367 232.1612467 250.6718636 267.9217118 284.2553932 299.5447583 313.9858469 326.7504123 339.1407748 350.849876 361.6834553 372.2114263 382.7066332 393.1625837 402.0917689 410.9254354 419.7481264 427.958341 436.0946565 443.9984682 452.0751815 459.8814455 467.1660334 474.4980428 481.819229 488.5185343 494.9816016 501.6609997 507.9578395 513.667644 519.3225649 525.2358705 531.1116836 536.6603707 542.0551249 547.4454598 552.4902589 557.3260222 562.4366832 567.3377115 571.910392 576.4107348 580.6448972
229.231111 228.6350901 227.151882 224.8422005 221.6180264 217.0667943 211.485654 205.4005849 200.3639336 197.9955166 200.5157182 208.4011054 221.4738509 237.1702719 252.5967424 268.041593 283.5653604 298.1803103 312.080091 324.8414952 337.243457 348.6745145 359.3028093 369.8830374 380.5375498 390.9744381 400.041711 409.028742 417.9201936 426.328919 434.5310223 442.4463377 450.7024131 458.3625452 465.5598857 473.0006435 480.353973 487.3202865 493.7627704 500.4296847 506.8808876 512.6031413 518.3974121 524.200801 529.8925684 535.5914209 541.1240185 546.5081308 551.5948023 556.5653053 561.5516477 566.4544058 571.159356 575.608025 579.7448516
227.1613739 226.6786198 225.5087189 223.7195702 221.2929209 218.1432095 214.545299 211.185231 209.0273014 209.2278312 212.6401375 219.3423311 229.8299335 242.6444912 255.8207325 269.65291 283.8491185 297.6764559 310.8371796 323.3083937 335.4921734 346.751734 357.3799381 368.1702243 379.0419971 389.1596861 398.458473 407.3204167 416.0166601 424.7789138 433.2527686 441.3148888 449.4372619 456.9102604 464.3245804 471.8311495 479.0528117 486.2218576 492.7151426 499.4484344 505.9530385 511.7886205 517.6493401 523.3458888 528.9677633 534.737968 540.3722545 545.6475228 550.7461763 555.8976093 560.8585028 565.7197054 570.4394966 574.892466 579.1078472
225.7412406 225.3584502 224.4926523 223.1759027 221.4709947 219.5422577 217.6112343 216.1651751 215.9241924 217.4128645 221.0366501 227.3625941 236.724566 247.5146641 259.2355955 271.8685517 284.9223368 297.6782714 309.9067371 322.199392 333.9192287 345.0130579 355.8570126 367.1205196 377.8197463 387.649994 397.2304761 406.1870509 414.5600841 423.17384 432.0686217 440.3267011 448.3457591 455.7939923 463.3144149 470.7881473 478.0062079 485.2670584 491.9017603 498.6579328 505.1266159 511.13955 517.0157381 522.5797498 528.3078015 534.1217423 539.7175027 544.9512055 550.0296532 555.2879864 560.2352195 565.0393998 569.7795167 574.3622467 578.6168827
