test_cum_curmap.asc
ncols         100
nrows         100
xllcorner     0.0
yllcorner     0.0
cellsize      0.01
NODATA_value  -9999
[rows 22 to 43 of 100, columns 0 to 49 of 100]
0.003662975932 0.004827106753 0.004667156533 0.005255056745 0.005727027091 0.005565225119 0.005612778659 0.005361337537 0.00545204254 0.005741072107 0.005414482978 0.005724110083 0.006044760027 0.006262956455 0.006341080471 0.006076382715 0.006136289875 0.006607411515 0.006687115486 0.006289350143 0.006404351716 0.007166430032 0.007420247144 0.00750122796 0.006861445161 0.007543591234 0.007516190775 0.007536355925 0.007890905711 0.008303176158 0.008739420903 0.008765026941 0.008921050761 0.009053603156 0.009570784435 0.00953680688 0.009624346602 0.009576584459 0.01013951199 0.01065327406 0.01020204783 0.01152737756 0.0115817035 0.01122102344 0.01142665655 0.01069530653 0.01162471141 0.01244850587 0.01193383853 0.01374197442
0.003894032974 0.004725403577 0.00528222668 0.005721262017 0.005707189509 0.005720723463 0.005784849775 0.005383710894 0.006038789202 0.005716971014 0.005655624634 0.006751905402 0.006424950459 0.006421873381 0.006378531784 0.006210085765 0.006178200852 0.007598145458 0.006733856174 0.006554425253 0.007336573483 0.007140306599 0.007597441024 0.006600717775 0.007046053063 0.007362652144 0.007579903852 0.008092005172 0.007827783303 0.00806663318 0.009011647588 0.008664624064 0.009375908171 0.009265336506 0.00898420138 0.009339571009 0.009793558129 0.01031161503 0.01095898833 0.01109637149 0.01073665204 0.01120404051 0.01081377542 0.01058588552 0.01155197039 0.01197043011 0.01158766005 0.01275563197 0.01267230247 0.01226600515
0.003829657117 0.005198354467 0.005588189216 0.005612307228 0.00609513964 0.005934499218 0.005760018624 0.006179564899 0.006127949101 0.005638985144 0.00640300269 0.006364915022 0.006756527146 0.006682430314 0.006039220804 0.006683078572 0.007605049695 0.007162303012 0.006459009157 0.006931739617 0.007301563849 0.007083340776 0.007394961476 0.006725212388 0.006847441375 0.00768516149 0.007714853542 0.007574771134 0.007352123396 0.008367625928 0.008852991692 0.009664591244 0.009299616212 0.008971765955 0.009747357678 0.0100866606 0.009310155401 0.009718851233 0.01058548455 0.01033599359 0.01078222306 0.01099383848 0.01063934402 0.01124755443 0.01162003419 0.01185673406 0.01208038399 0.0119323768 0.01201352106 0.01238075957
0.003863440823 0.005489934658 0.005750260608 0.006061371449 0.00613685396 0.006212584498 0.006245400341 0.005864823263 0.00648243782 0.006110965998 0.006693945965 0.006527924265 0.006720633877 0.006815961753 0.006629021141 0.007358577959 0.007596901297 0.006389737939 0.007117620881 0.007640677752 0.007189554678 0.008073463255 0.007104329073 0.007021671808 0.007393240526 0.008957977364 0.008394023571 0.007638454148 0.008480933779 0.009119712163 0.009419925896 0.008791382232 0.009014784399 0.009462336245 0.009291645394 0.009278249039 0.00985563878 0.01042334299 0.009564926865 0.009950006341 0.0107249664 0.009821350549 0.01067140706 0.01112074888 0.01166277702 0.01127701622 0.01129839195 0.01217114793 0.01184816513 0.01178699718
0.004059340437 0.005696200473 0.006333186085 0.006146565488 0.006531878481 0.006400060127 0.00618178244 0.006607515762 0.006964472644 0.006001964187 0.006533176792 0.007121459221 0.006691020757 0.007059653394 0.00701750031 0.007291131051 0.007366959106 0.007013266736 0.007761732351 0.007345584782 0.007951867806 0.007548729189 0.007514597582 0.007508012666 0.008795318325 0.00794322041 0.007612119247 0.007955903414 0.008774561275 0.008716763632 0.00945698847 0.008943867157 0.009282678208 0.008978834852 0.009169228735 0.00982004652 0.01024340511 0.00991108789 0.01034056414 0.01143626271 0.01032704536 0.01117362902 0.01111302785 0.01113085234 0.01157388813 0.01147293709 0.01168261376 0.01274783444 0.01120905094 0.01224634643
0.004546129771 0.005759863564 0.006008439971 0.006824993492 0.00660640459 0.006714340769 0.006386649735 0.00666256472 0.006517772765 0.0065638193 0.006551772726 0.007111396972 0.007577003812 0.006909658359 0.007425921855 0.007262857055 0.008009017736 0.007617445713 0.007507634383 0.007848375269 0.007653685001 0.007300190648 0.007304824071 0.007939685052 0.007936799173 0.007651460155 0.008076025339 0.008387085818 0.00838231517 0.00874578714 0.008921849837 0.009330481663 0.009093937974 0.008972961887 0.01010275221 0.009711406922 0.009553832069 0.00981237241 0.01074408929 0.01009943721 0.01075352733 0.01132444289 0.01107988972 0.01195589541 0.01110329772 0.01208804604 0.01227753565 0.01143131046 0.01203175916 0.0122695789
0.004248800527 0.006643362147 0.006047476199 0.00743222417 0.006620336942 0.006686457797 0.006524061512 0.00695108157 0.00682922174 0.006994347759 0.007121397094 0.007615640679 0.007270251501 0.00794722553 0.007297578445 0.008342507886 0.007742393295 0.007336561151 0.007716789082 0.007504681053 0.007689102966 0.007554117404 0.00835100439 0.008425569874 0.008005906009 0.008395613688 0.008914430131 0.008280131645 0.008546980626 0.009059138433 0.009094650588 0.008518900462 0.00911673879 0.009277672148 0.009287506366 0.009856038173 0.00955145214 0.01039959487 0.01049063001 0.0108205151 0.01083686093 0.01024781404 0.01052395309 0.01064876213 0.01132160857 0.01106958316 0.01150550765 0.01141713223 0.01193948417 0.01279266919
0.004600281827 0.006579276664 0.006943650998 0.006834109142 0.007211590542 0.006488234909 0.007376424762 0.007042532107 0.006746352863 0.007655064584 0.007104986507 0.007831979837 0.007756726217 0.007494640619 0.007560895995 0.007763510763 0.007694899437 0.007517244313 0.008314504866 0.007901673794 0.008019397532 0.007969317516 0.008210926611 0.008309419204 0.008761388103 0.008532801511 0.008266929139 0.008477355121 0.008913276548 0.008751370267 0.008896656106 0.009120687528 0.009237934332 0.008802272385 0.01009013612 0.00964671916 0.01039580151 0.01080757385 0.01046788092 0.0104028851 0.01047455677 0.0105584766 0.01071704207 0.01082552421 0.0112094497 0.01171293678 0.01121820367 0.01177517462 0.01209267807 0.01146500247
0.004592214097 0.007403538404 0.006691416834 0.007498985018 0.006562711093 0.007203472433 0.007703027044 0.006882112162 0.006933867567 0.007648503729 0.007633641288 0.007681697093 0.007464575373 0.008169263141 0.007666624959 0.007796269538 0.008162263614 0.008568986562 0.008243877132 0.008090137118 0.007807084147 0.008385896446 0.008417796228 0.009041429613 0.008792614725 0.008072001684 0.008617597334 0.009155950599 0.008882186293 0.008928366576 0.008875139708 0.00887846162 0.008610328847 0.009050765901 0.01041587728 0.01019481885 0.009888916615 0.01021743179 0.009825052568 0.009771987966 0.01032237824 0.01042038744 0.0106148732 0.01085398104 0.01086987804 0.01115934197 0.01086634352 0.01238166798 0.01160010148 0.01262789219
0.005030744068 0.007206549392 0.007379255551 0.006999123642 0.007334628503 0.007463595609 0.007256366781 0.007471759541 0.007097290581 0.008320932712 0.007928504344 0.007710684463 0.008173312468 0.007923006032 0.008947408431 0.007847889602 0.008160406045 0.009118503046 0.008359799599 0.008416653264 0.008889649008 0.008114604375 0.009092153481 0.008637198906 0.008616384859 0.009056533569 0.009385359546 0.00899842988 0.009045917266 0.008931117313 0.00880827611 0.008737562429 0.009139314564 0.01089400655 0.01066414288 0.009653343329 0.01026221538 0.01009599637 0.01007497855 0.01077350853 0.01066856641 0.01041161952 0.01074671883 0.0111680798 0.01204799479 0.01098278059 0.0118488937 0.01227698412 0.01193823924 0.01311229112
0.005285824492 0.007412335562 0.007342660105 0.007259748968 0.007526982653 0.007410693782 0.007722621685 0.007787007813 0.007849276053 0.008100294521 0.008075254041 0.008083350209 0.008414053378 0.008403989047 0.008453523314 0.007981470215 0.01015377219 0.008593655781 0.008172975876 0.008697974564 0.008730962447 0.008775790824 0.008663723598 0.009234029859 0.008756945761 0.009240165195 0.008728680639 0.00953502393 0.009233949044 0.009415522986 0.008788520742 0.009858727732 0.01051079812 0.01048345694 0.009327571386 0.009527909416 0.00966596788 0.009804516814 0.01039905279 0.01047785337 0.01023801084 0.01119891677 0.01186512081 0.01257789837 0.01107654299 0.01122999196 0.01246375305 0.01184167926 0.01271873263 0.01302786265
0.005222110783 0.007554432683 0.00775845083 0.007736373829 0.007706864161 0.007987390568 0.007683027969 0.008359957244 0.008050040492 0.008151873272 0.008039850278 0.008279300639 0.009088915536 0.009156270952 0.008637013279 0.009002718777 0.008999295313 0.008358545771 0.009190561891 0.008639708468 0.00895410355 0.008318382973 0.009215764693 0.009443844929 0.009547628922 0.008588332741 0.01052265557 0.009148205068 0.00927081081 0.009096333022 0.009033243113 0.0101922755 0.009780888075 0.008802044006 0.009871865282 0.009240230477 0.009641197383 0.01081360744 0.01020392333 0.01004194333 0.01175164837 0.01141743997 0.01134343704 0.01084843241 0.01115830527 0.0121661989 0.01296675759 0.01252547595 0.01190109182 0.01237169333
0.005340430956 0.007894838254 0.008135703297 0.007876218797 0.007834249366 0.00790598728 0.008483139583 0.008047519378 0.007916357488 0.008462887919 0.009126536325 0.00871938918 0.009293610635 0.00861488264 0.008522605181 0.009281298568 0.008804778711 0.008976781062 0.008770938958 0.008998733061 0.009321098095 0.008965061461 0.009609032761 0.00924273473 0.008611150525 0.009495965049 0.009293958642 0.009134071033 0.009692356983 0.009156188313 0.009673724622 0.01015796304 0.009618445318 0.01010168326 0.01007060801 0.01021993886 0.01042055748 0.01066615258 0.01069062204 0.01103699752 0.01142620173 0.01148917039 0.01100783854 0.01152617135 0.01121220062 0.01184215355 0.01160465062 0.01164453796 0.01225565717 0.01163196517
0.005493489954 0.007872634467 0.008486625435 0.008508215546 0.007824335761 0.008255236497 0.008164299511 0.008591178508 0.008532886379 0.008869424564 0.009004711979 0.00910519071 0.008394102284 0.008833185944 0.0100823058 0.00890984272 0.009582229248 0.00920248111 0.009420015862 0.009114986114 0.008857136087 0.009201551832 0.00874578488 0.00923562661 0.01015833028 0.009501844174 0.01023711748 0.009733849555 0.009188469441 0.01013899882 0.0094518387 0.01017602636 0.01058425869 0.009719151036 0.01034427298 0.01012873845 0.01075191472 0.01081217405 0.01066548592 0.01079520038 0.01114713784 0.01093413911 0.0113890906 0.01068074256 0.01074994143 0.01171310974 0.01197714785 0.01180640279 0.01175257449 0.01174711487
0.005770260506 0.007905232922 0.008674825261 0.009011046236 0.00828809088 0.008112543324 0.008649964782 0.008123563915 0.009599940786 0.00937184792 0.009375220706 0.008357487062 0.009312698015 0.009691735736 0.01008188748 0.009629427928 0.00882070717 0.009586531698 0.009801114237 0.00923420008 0.009175952541 0.009007362241 0.00987645125 0.009838989183 0.009828302617 0.01011493444 0.00982262188 0.009520853739 0.009646487364 0.009928685608 0.01017662521 0.01166441279 0.01006674703 0.01048766623 0.01012940418 0.01054918989 0.01116871106 0.01073206497 0.01028151158 0.01098416698 0.01102503284 0.01088620702 0.01054835862 0.01027510883 0.01211209155 0.01265374578 0.01237501372 0.01152379682 0.01205551137 0.01203218805
0.005890044431 0.008343535325 0.00904039208 0.008872262231 0.008851712361 0.008319105649 0.008777301534 0.009374442066 0.008854684559 0.009702908623 0.009225511837 0.008549126654 0.01075978398 0.01024591782 0.009668124662 0.009370550492 0.00931203228 0.00931490994 0.009548705713 0.009253729122 0.009048900463 0.009578131655 0.01011545591 0.009225475505 0.01049161092 0.01069095992 0.009381843142 0.009754540692 0.01058728525 0.01035418147 0.01141105107 0.0101662501 0.01042783876 0.009937667523 0.01039893661 0.01071721187 0.01014586858 0.01008653608 0.01108904907 0.01043126131 0.01089070716 0.01082457944 0.01067926043 0.01190790417 0.01210996455 0.01145641592 0.01081732222 0.01118990373 0.01171162049 0.01185915106
0.006154229665 0.0085901505 0.009254804634 0.008951417586 0.008690029942 0.008956756614 0.00910109676 0.009210778537 0.00939536241 0.009186352155 0.01045457061 0.009931416177 0.009742619122 0.009844368633 0.009842514697 0.009704138863 0.009262727322 0.009387354398 0.009646437876 0.009378017235 0.01027693819 0.0099037057 0.01051894334 0.01032390623 0.01059938136 0.009868564195 0.01036382793 0.01012510506 0.01048242944 0.01114443363 0.0108772424 0.01044670145 0.009991307995 0.0100581208 0.01071593102 0.01010641574 0.01078896882 0.0105853027 0.01039037154 0.01066039529 0.0107265505 0.01072986352 0.01094723248 0.01148465658 0.01096614363 0.01124951487 0.01122117167 0.01140381365 0.0124933517 0.01169736859
0.006010305625 0.009199120918 0.009468734897 0.00894280716 0.008765915177 0.01000042468 0.009369091984 0.009518242261 0.009579627583 0.009885941756 0.01095434977 0.009653412578 0.009520928093 0.01035245409 0.009701860839 0.009530588061 0.009870174185 0.009627198245 0.009901783312 0.01049513769 0.01071901632 0.01018293055 0.01071618486 0.01090306385 0.009958835376 0.01015281705 0.01131455237 0.01016186332 0.0104091213 0.01081886211 0.01084211514 0.01018321272 0.009902586106 0.01046315116 0.01003582355 0.01119221352 0.0111016386 0.01105843319 0.01075448424 0.0112443814 0.01107647478 0.0108131785 0.01179238365 0.01112502395 0.01143814181 0.01206825185 0.011839203 0.01248248989 0.01212848443 0.01258959935
0.006741327097 0.00878117953 0.00993041703 0.009409223696 0.009233374752 0.009100768727 0.01089282958 0.008860944422 0.01020189189 0.01040222016 0.01037188143 0.00926499732 0.009864851699 0.01019977312 0.0101780186 0.009763493876 0.01052527934 0.0102357118 0.01057779455 0.01049731975 0.01057442209 0.01060643778 0.01069979136 0.009806417429 0.01033568835 0.0105889082 0.01059149115 0.01061544325 0.01103744703 0.01044149296 0.01060969214 0.01045668312 0.01062090912 0.01024840775 0.01164920679 0.01139176062 0.01108449707 0.01071579444 0.010530374 0.01080177613 0.01074039197 0.01164839831 0.01193113606 0.01123148641 0.01305208118 0.01112282556 0.01243042245 0.01193029125 0.01203370797 0.01137824153
0.006692186821 0.009384096737 0.009949781692 0.01010391788 0.009511150016 0.00946057685 0.009287538078 0.01202774711 0.009910535258 0.009997176934 0.009805624679 0.01023809299 0.01031813572 0.0106578891 0.01046655005 0.01104186562 0.01040937211 0.01121143915 0.01044629196 0.0104466829 0.01122238918 0.01016115951 0.01043408433 0.010795991 0.01120322006 0.0104236016 0.01063118929 0.01074131712 0.01130236016 0.0104420657 0.01131790337 0.0113163727 0.01007792909 0.01077765292 0.01225980613 0.01129185833 0.01066647961 0.01087319295 0.01093948613 0.01103312702 0.01182689982 0.01109845963 0.01120536179 0.0116132736 0.01080695767 0.01162115494 0.01168112076 0.01133310731 0.01145866394 0.01186180352
0.006545335045 0.01004410554 0.01064194976 0.01013760842 0.009414740115 0.01048648023 0.009936420919 0.01084303197 0.01045536109 0.009713602326 0.009946559134 0.01180075307 0.01080878199 0.01048003656 0.01090130295 0.01063381892 0.01114403202 0.01079737981 0.01124936157 0.01004719766 0.01110008079 0.01055596403 0.01054601521 0.01076167186 0.01089637724 0.01079724902 0.0115317824 0.01084488612 0.01173524484 0.01147352796 0.01083594481 0.01082060783 0.01041251869 0.01114307501 0.01158042963 0.01069241381 0.01096863149 0.0108356167 0.01150406099 0.01161264696 0.01093319228 0.0112131855 0.01153972157 0.0110094425 0.01202435887 0.01199133319 0.01186959846 0.01194715169 0.01283330858 0.01119188015
0.007202154385 0.009968936006 0.010736396 0.01070940869 0.00964701542 0.01004483664 0.01059421738 0.01077217058 0.01022947492 0.01024230754 0.01146730604 0.01159124556 0.0105735175 0.01033056805 0.010517966 0.01113629859 0.01228459488 0.01082423719 0.01021442645 0.01126187791 0.01103460836 0.011298182 0.01005177815 0.01123400606 0.01105423797 0.01208203971 0.01101829773 0.01137308995 0.01105049253 0.01085765569 0.01017557265 0.01082060944 0.011130582 0.01138697738 0.01158088871 0.01208652134 0.01161853122 0.01119199482 0.01204050384 0.01050748125 0.01107935429 0.01141838253 0.01173510766 0.01213853345 0.01177523799 0.01201105284 0.01187235094 0.01148657412 0.0112453073 0.01097867427
