tests/cost_rasters/cost_rast3.asc
NCOLS 100 
NROWS 100 
XLLCORNER 0 
YLLCORNER 0 
CELLSIZE 0.01 
NODATA_value -9999 
[rows 80 to 99 of 100, columns 0 to 45 of 100]
982.67391921892 1126.5306720734 918.507354080417 1032.78473679568 1122.62071008434 1108.15672432778 909.176088072822 736.079549262834 1060.75866080381 943.456021404829 900.352680487968 988.236655347079 979.062599972538 1069.50111761321 1050.99019533579 1119.30505127922 967.10000341352 1303.55799614951 1182.23049497885 972.796662894045 1082.03668412285 1051.7091294349 1232.92519110309 1038.77415554474 1231.79124314046 866.343552774224 1227.63748991496 965.025088323429 938.31658529074 1086.09895810456 980.749968270472 1033.66515105262 972.05571068473 1064.01573522424 937.439885540407 1030.77876706022 826.497397218909 971.540866891783 992.108438132709 839.362816249383 779.812398472811 1040.59104207583 1005.91751056902 975.338113418008 975.889508430372 1002.81329794297
1012.33624642354 1103.27147187061 832.114643652851 1051.71518945052 954.878585992648 947.919659938418 946.432292347942 915.76129455426 1076.90407802583 815.947669726337 1044.95553314815 1047.12705960126 968.633271919175 1074.25761354859 990.473177071529 907.403960078376 1176.12617579726 755.748305412507 942.607297893001 930.30066254889 966.72633910202 1135.08555457487 936.105068106038 873.029126032354 835.345736604218 1143.25535618545 1177.35000166672 1009.54870257388 949.963915771293 1058.2034691607 1002.99760204635 1099.40189843443 731.204619172721 1094.89892931813 884.57803911553 1165.84473337108 869.417829316533 785.739233116175 943.31034717931 908.450695304982 1114.88525863762 1124.34603884062 1081.67254427836 1038.75531332241 970.437718348296 935.751583980235
1246.12005280499 1063.83585404882 1213.00873198392 929.264080349245 997.263896144455 1058.87700344497 1165.22347833479 997.645726974503 896.636578415462 1002.58536568624 1022.13636023606 858.150591442062 1007.27645945456 1089.48061166846 805.736504822516 930.03194738644 1107.18945906856 1056.6922346063 938.281195172604 938.030596573928 1008.88248224246 946.215113536529 1053.89444560036 1003.0304490564 1106.87404917512 915.672134646269 963.696404217862 1099.45092387966 955.728726204024 967.052647851369 1165.74944674571 1094.00420300726 1074.83804905236 1003.79350173861 885.205772520559 882.655001844777 991.961769427872 1095.87195318717 894.690503530374 1026.56745683064 1106.63103270158 979.535365311971 1069.91294987484 906.556898276365 964.54945094977 934.2056006217
860.164883355692 1098.12606669771 1123.24721557192 1023.74548224909 864.045682653226 1117.78345208851 785.488427688986 877.259891033467 834.459584630851 1067.07294696096 995.322966073229 813.203243514454 961.137026409356 985.469283713723 1044.01667386851 1026.11816775007 899.181833123066 932.423202069872 950.149021815153 1045.18663091255 1010.17174078769 785.638612210561 1149.60884444281 1075.59875948471 932.5503871175 1052.46365620114 952.717471448658 1033.33353672598 930.554453532065 1177.70204023019 1035.39919275697 943.907255518878 996.736452088946 992.531459421364 1094.67321217373 848.010335414624 999.810105878 837.100768629965 1023.62271939791 1193.71863239108 1055.31844977469 1105.95048945664 933.885627678601 952.032182844348 1142.06138824508 943.574662843416
893.393741017041 991.301591186822 1089.08833296383 850.116351801869 901.754356299368 953.33782598526 1036.61600160861 826.856662861823 874.899713548672 1144.26823917417 979.857036874349 1025.00683249905 892.496269306974 949.585968796801 784.289470607765 851.080800930675 1019.99753129368 989.167207052038 1032.3009314282 932.002483780765 1014.70768264992 1181.82162163283 1137.71439920059 874.571853619993 970.994194503163 977.470066797089 1039.80210124308 1133.50314456588 1235.44264640446 1010.49726484469 1127.93027611627 848.954223829921 940.965032276228 1040.26379372108 998.603689735822 832.011028581596 905.276210213937 946.662813357164 830.713452571472 1112.30888562519 1051.07105318504 1047.57672427647 1061.46664471362 1133.17445224646 1036.51899965045 935.370588451017
778.061795329564 1029.08155445114 1202.58236704704 986.263919337922 1030.05573594078 1024.27939926871 934.373674775762 979.587583708494 938.14333893041 971.931151988534 1029.831683249 970.875344665973 1013.94800949638 1012.81168702501 1000.21611744472 889.990499004777 1053.6948433453 1103.40772964456 980.350595603382 872.004456203826 929.731018149893 961.845515229271 1065.91475855932 950.321599152975 808.800076379622 967.263201666505 877.293031346869 924.375826600125 1120.04825230149 989.127569568603 948.359192465808 982.289397589642 1016.5432632446 928.39770185829 1171.20589639561 1123.9901088333 908.067274266399 929.062428177352 1036.03634142696 948.702785503824 1074.84427723347 827.336393891532 1006.25838471117 876.368977673224 973.125442480566 931.283720022681
966.135732974442 1042.77950818803 976.726172744718 934.756411770601 1101.86137423689 1015.85812013218 889.744428147018 929.498842519482 982.514499463677 1059.8896952991 927.691129817018 1036.96218291794 1007.05651311247 1014.47477699207 883.697394759976 1014.14788892608 1017.76017178046 1059.7821761105 975.470650235001 1001.70017586428 1029.03717178899 1008.41488118048 913.100894309822 1075.23879382525 1052.52989714542 873.824554439319 1176.2907981478 1227.90002594847 923.283681484218 817.493114399414 989.032239206814 918.646127765397 946.892575382853 1013.20064073475 984.192607169666 1031.56555902852 950.570204891507 1062.65029376965 1107.57318363343 987.300893725753 853.011778318702 1153.13165539686 934.074995470909 1007.51444406134 897.539183858591 895.016294071823
1009.09061287086 895.543008914482 1030.65072683676 1104.48024608909 1044.62168194998 923.671311598633 1077.59909563655 969.140452740178 992.94521074787 1182.21406470458 1069.46582992734 806.096693176487 960.20248022402 916.139702263607 1011.61783016321 1158.36651770811 954.026027139725 963.985239989249 1161.05545016901 1061.69417848266 1049.71723156431 1003.2486626706 1018.02878863358 948.17337974143 1167.26129103993 861.649681783619 816.719343030377 825.770665069047 980.343325113259 838.970065088535 860.101485646644 959.425830574904 1073.48610785626 1020.56874482003 838.76458051274 905.619170793062 989.050969803903 788.4638634152 969.128443413671 1004.2595505226 1001.20952217175 1123.67938317347 897.867938441499 1036.02183691234 1133.02014761053 1265.29936673913
1145.87639927009 834.560431675957 998.939847019342 864.41233839124 980.322736124992 900.553178354075 1103.92286784349 940.870570411817 883.224213478255 988.986163966304 1100.14198547865 926.917414099735 1023.23204439423 980.579134700987 1155.58601855042 1032.56115703072 1104.49246535608 1013.62812759598 1008.48470331171 915.367574043126 890.168700263672 1040.14142027888 860.943398543813 977.036366444191 913.216245777365 1045.64481989812 988.690802863028 1102.75725312606 943.645139083716 1021.19496850392 979.563937771928 1088.95123821016 1017.14737536204 1076.05348928059 959.41684837786 1122.48421912445 928.821015147316 942.960769198 940.291193659602 751.106017306157 917.208183160249 1046.24974759088 957.219655635422 954.927688510382 1092.36604655533 1025.16426886065
933.669114073848 1118.71295309166 1006.17728254816 1137.91840905747 1123.07432102458 1065.09621686039 982.499278138566 1079.17852495906 988.71335045248 807.322313559643 844.696263060246 964.041730379417 967.108809653425 834.479813347175 908.975011192593 969.563233361788 866.903072206743 952.930444260427 1148.57951325164 907.599881480729 1180.33312229861 841.243800618021 1029.42141179685 986.497040870078 886.235301373711 1013.15478176338 832.642870723924 835.873547736104 927.341068422185 1098.7115431161 1177.75327905657 1119.66680273055 1093.33719697649 1222.43021753368 1057.99412512731 880.34889752541 917.057816739753 947.628967770901 992.577742643978 1139.97946497187 1061.98643273387 969.076069586988 1122.19396844979 1044.14071024827 1075.16953448628 1002.34041624539
924.83471796528 900.620695115812 1000.45138843122 854.579944399838 1007.77468047464 840.804483003365 958.237572328894 984.892630961197 1191.47001115433 1098.60193206757 901.043530209471 1041.14499007994 1122.73021711653 988.618174988449 1088.94922744255 1010.22946601494 1100.11650797502 941.59985290563 1098.04764207051 913.482231969207 1015.53252633975 1097.10999992138 1084.27875719084 847.936483544031 1045.07296032342 969.477129547942 1036.9342133049 1079.48010884445 1118.96280380354 1102.6503498473 1257.94514000029 1010.07173199986 963.569582593505 1054.33253112435 1015.72234222882 1266.47258136126 986.855060189279 958.500955980979 1120.43955881883 1090.53216395976 873.469311160429 895.075657314568 1033.04501168191 981.598357298147 1077.5204782595 832.725966083409
1096.21207104606 740.150238876736 1114.29434657241 902.131763838222 1052.27404363339 903.1970106287 976.627075092872 943.783688194742 992.995922118635 1035.96008582074 973.252134565927 986.638244942537 916.854691265232 924.244861728681 1090.30400262954 999.563060711344 855.524560527333 1078.22754374213 923.388941484351 1051.93546916689 1020.62393082135 1005.11102059177 988.839173016912 1147.97912640026 934.21953047669 963.555495129447 1104.42531627995 882.31847902784 1052.68639043048 773.407601471274 912.779370758437 837.38682728543 891.953453999102 1206.48585498642 970.695152989305 949.280818656 1001.07207940413 1050.76962161448 982.22874718716 1014.80978278504 1215.24438916027 967.449425333471 897.400582654761 984.132544937185 1096.41632312205 1147.5912761627
987.2687936408 1107.97601700798 1069.58933654723 1016.1462486804 957.073584781531 982.598897340072 982.438138880368 924.520801793296 1091.06682282993 813.62586937297 1111.09840754996 1134.21514392805 1142.15279358154 1114.24673472924 1028.44098621035 798.594924277587 953.046038501623 1095.86988851563 977.731005018216 814.583191675039 993.937567419941 1147.58713857149 1006.39016962814 1026.18210621166 853.72397658157 933.905999186827 1150.33613078157 944.850144713577 994.620732294915 1022.0064878367 967.815249649444 1009.07472833137 863.4972730391 985.23949194911 895.744054736144 839.981476178383 907.464222050872 978.806945276901 939.422879854577 1055.47515418392 1046.41338548313 1193.33301423496 835.960061467912 1023.32606778641 927.676158628504 1042.78351368716
965.083356271309 929.513194779911 1042.00107481073 979.740421199559 1067.33830859466 1099.01812797223 1073.69293259723 1032.78619924309 1235.57963494156 843.512744835341 1134.47976983785 973.632975661916 988.701141563742 826.890179352802 1074.52422693908 816.642701095362 883.357689058475 858.893781797653 1065.9056082983 933.193267258479 952.152554274926 1036.49805891938 1101.18311535944 1005.24819926108 1112.9410322763 1038.27374603329 1060.23572270315 825.616794961004 1170.87736983465 914.394781603056 857.051462614852 874.250361776833 907.001306803597 1059.10676751665 892.867859904569 934.96678585568 990.245421977763 931.880724133473 917.855184625006 863.300170960221 980.207977096507 788.561769068123 1004.93933930393 989.67773123379 1043.64575894918 1083.54871260659
840.845961560872 1138.25764795275 935.183739871089 954.777793925686 890.314526766135 934.050372433632 856.777403391557 1041.74568804743 1018.1345003217 970.207866831826 829.172854613806 753.005109959683 1019.17875756888 1005.40858013411 983.367442927973 930.839589408769 1095.08279876045 1022.32907892095 1034.44724211586 1244.60667230519 994.637736605875 1088.79382563427 995.439896084428 988.660593915108 971.372206659384 1093.42681440544 1037.82814213423 1031.67288853709 1063.6044427674 1070.74473637108 994.846919837396 805.786486698091 935.627761767028 1248.63363959911 1171.18986673951 893.852645587463 986.519849126209 927.83402998359 871.599803554847 1153.68516086454 1037.50998348647 935.361067445511 1065.96579193362 942.045607085113 1044.17363601446 919.243403089943
1108.61964199024 1131.22283289522 1140.50395802234 875.347361110404 1287.70625098616 1064.87979800396 1093.0468815139 962.973421508543 988.984025086437 949.698204458856 1175.08144597007 887.43735531179 945.557352128941 696.164700435342 958.360459168928 1089.89682277271 946.017430455638 1068.28712289636 1012.76425114515 1008.76036508214 976.025384256628 1088.28980726123 1075.13181099946 862.854974829316 967.756417709131 1023.08294327416 1073.15469366004 988.033104077401 959.647025037805 1077.78702842364 1007.90289842487 977.626678765538 1090.64103784942 929.759430018856 1198.75878739536 1048.9428598237 999.030875938623 1082.42555815717 925.276244481264 853.495000655134 1013.16254405206 907.970499853467 1022.78685587462 831.063228632799 1017.75269076467 1038.20735826215
1167.04011351847 1156.48587268028 994.230717843809 1066.27627319179 1110.5627383875 992.334452605795 983.557762629314 999.628092651301 1139.08974912268 1015.30051272938 919.875800896205 1166.4818863208 1035.70404654233 1142.42963271521 1027.26758188727 1075.91001505718 1068.02004847382 1009.41070058386 1016.90105346771 1088.11703718529 1071.47802167034 850.869040271942 1083.62875233133 1129.65562142413 945.825244584636 1074.87649315814 1061.42961581256 987.946811656449 1090.05382909065 1026.64606622402 822.908717000277 1036.00217107423 1109.96348620583 825.509712365722 974.902630784178 959.551280764808 1025.76001045522 878.40606034171 910.418995402684 788.570130012564 1071.19767616185 1117.71087163105 1000.53394235175 952.185262020472 975.37178248937 1151.16306608808
1013.48321026491 998.009245278584 1268.75634256778 858.840504391841 1069.09284550825 890.457289186187 1086.78211505563 1133.39047484169 1089.45529989099 959.995197689104 817.872562709306 1100.46409778028 877.290120876416 849.767278293936 781.300252792592 902.390463235313 1203.17639438841 982.111927131153 1087.90888579124 1091.89031648969 1045.3088539033 800.340464605239 920.359563067045 946.984333172109 1076.75326869115 770.601856148945 890.517850485144 868.608404674908 1065.57480026131 1053.12416884009 991.278374709351 1041.47638154926 900.99483257354 864.770333376495 1003.97739898432 1068.32326667305 973.494839562951 1141.93761498775 1056.08657020566 1008.03300316184 1066.33602038464 991.119675771288 921.195097491775 943.005896774741 1101.57082062488 951.432317116778
945.659666158649 995.832266557306 938.806116899276 1106.77999854119 803.299530385001 861.196938353222 891.931360640311 1012.19134875993 1099.56528823049 1006.20779432777 1148.59708386484 984.16216595277 908.174244979173 1034.19412074657 917.652068192561 1014.73933493757 960.122795634961 973.963479457175 1004.74300177019 895.847302629489 1159.64920185223 982.0796750339 1011.30934580049 1046.32015789777 1126.34001098942 1020.31046359319 827.508685234331 970.377965501992 1064.00431655128 944.883083984759 1001.55031612415 1091.29160914855 929.896486090149 1026.16401794812 1022.18822912954 998.321115989892 992.172922561189 1127.36495679153 958.531135722593 1065.15143698872 1157.39278222135 892.3270210508 990.813716798043 948.541864383762 1054.77557065126 1082.07101861209
1075.17260001878 924.006089187975 1131.08058649721 1138.94803925626 1018.56446446617 1194.45191837369 1260.23816423615 940.830918216962 1082.77583184766 996.481464277862 958.748551492757 987.764786605502 1144.87047614166 985.517964879453 1085.88485210456 1117.33568436953 973.151855386592 879.366745424228 989.859527504482 830.508400293585 1113.05918676435 1091.83803735328 1077.01034228119 831.095998109234 1038.3163513112 1149.91806766104 954.289735659476 1150.27090292307 1064.80802754723 999.782478041924 968.911003689809 983.370297710412 917.952522684708 982.19221233409 861.895056917621 961.100869403625 1004.16953203468 787.731627371001 1008.12118455547 1235.68508267037 910.61471154895 1072.2598582522 967.531451348493 980.49645297902 991.336223247862 1005.76514554227
