tests/cost_rasters/cost_rast3.asc
NCOLS 100 
NROWS 100 
XLLCORNER 0 
YLLCORNER 0 
CELLSIZE 0.01 
NODATA_value -9999 
[rows 40 to 59 of 100, columns 0 to 45 of 100]
1253.6122911466 1052.52297365271 1074.61340676926 892.442721913603 967.269995970354 840.843809665216 1186.65747946822 969.077383114977 994.81570499455 979.072958981917 1069.34125581629 911.858257811778 1211.45743414493 1151.45825133267 1039.83835298018 1083.42762350985 950.045003464861 856.56950497144 991.747585637282 1027.51176720973 870.865358637881 943.434979145133 906.999590782343 889.245556677503 1062.63631087217 1013.82373305023 942.020431833868 1198.74306401693 863.895084252476 833.10542736811 1047.29935348295 1008.48047039072 973.18629674128 971.996535067481 994.019586476429 826.65776185486 916.376512943629 991.873957473867 815.798294675934 947.574509474048 911.014809309294 1094.24928393664 1152.79536225105 1068.37179938636 1041.91964352507 1165.75933691317
825.109495336752 1027.31331210609 986.161768864717 994.629395591176 887.088157615688 931.070782693293 974.215077691196 1060.99557211446 919.258409108966 1029.84402057189 978.908956244027 1112.78253143078 936.3117566066 948.276254798306 1011.0491291961 901.428852028261 1038.72862898106 1034.28027745083 1039.68251895062 960.047106914542 998.953682738321 927.711674305001 831.49302943013 1034.09957336381 821.360352614567 1059.47452708166 1028.90542528475 1010.67428980411 984.403810077355 927.652042222494 1102.92868613519 907.636882945621 928.080630611123 987.997753788499 1063.45828457268 1047.81155421552 981.031151229032 1003.33264425052 1092.85969025008 883.451038074487 1006.52147771643 924.942237145724 1041.34005895288 1067.69231909659 860.953664018712 908.463684201846
1038.30429722574 945.822713913341 978.922663703131 834.754896239147 861.744468244852 844.878871372842 933.071975041355 1024.47185307467 972.917822580452 1192.5271570665 1000.75611955311 964.517925371539 928.789774048496 1010.36546877133 931.333320723804 1067.67702511113 1099.5651021346 787.755345377264 1037.5390042122 1122.4298797978 1056.09081574933 1211.14446032055 1101.4662213703 916.294810494446 1095.17615712944 819.143597659685 1110.28761161507 967.676946653976 894.336608765317 938.018240275747 822.248729954544 881.805129407884 1072.82667848818 998.930254029698 924.167997569615 931.919701761893 1068.55734744779 1010.12765137537 960.832522532452 918.369744689645 1111.35910375021 1050.86407427047 1014.4295907483 1073.85626647733 1098.3040512026 997.693523259017
728.752961344497 1112.14441853558 1257.87418389247 755.50640894644 1229.2802191812 864.039755943469 923.968456042431 1080.62550547429 1026.77855436261 880.203752457857 895.381306645377 1272.54355108727 946.399821961888 964.483978715409 1160.51371121416 977.80233764436 1089.12949487624 976.263564221587 954.334740667418 1002.42718839681 962.962748242608 947.276692233462 908.58133474092 858.118688688145 1041.46349236551 1189.41195524672 895.198717690992 1226.86136183818 859.443310064698 975.140928814522 950.434036666432 1094.86272077445 1121.33902717175 1016.73532739413 1119.64877156892 880.288388087446 789.532899904925 1152.73333178415 1112.54088529649 1092.38362063932 791.679769571204 951.669457238901 938.704150646065 928.632950458359 926.129866285258 1244.90358165929
900.254303995988 917.002697683723 989.292645028755 817.258671169284 876.129375226193 993.701677479115 1060.76239403061 951.222585739343 911.891302181233 1020.73460545963 961.211912177437 988.110374307685 1163.97835051862 1065.34590044249 870.394487982438 1054.27180416982 1025.38216951999 1121.13970005666 1000.00857996279 1025.36911261878 1004.10261011974 937.4740491138 942.670580795775 1087.92189862016 904.506439405628 1002.41438896657 1145.87696941502 990.656797365087 993.047367668098 1013.33214067337 1085.3900892785 950.60532724265 1010.08667594838 968.684072314976 975.239894397273 875.112660076749 1077.88235941946 1002.83720037211 926.479720635082 996.639188298396 1103.74437837041 1084.64892564932 1011.63745903539 839.792918840305 940.345654249471 1036.57214280974
891.740072058884 890.727809834358 1076.17662070539 1064.08839529865 1132.07904933643 940.291293545113 1047.42508758506 957.280190959787 972.167711711808 985.72097185557 1014.17807953437 898.728852640187 781.841579399398 1067.86118982964 1085.84456828681 1021.82865691455 1069.11781629125 1077.68765582606 893.764047082423 988.980331888383 1184.91544141838 934.689126858748 1034.11635403419 941.741092138993 1026.12330888943 1091.47986362457 886.506273703476 1162.59527602249 998.240571687665 761.248003160264 1013.25585639853 935.725642337899 1062.6028009954 1038.32781280329 917.958363276028 976.598685591131 989.558754398944 917.330031896351 1043.54701580233 976.494428042749 1133.0094696112 1297.40205694588 1186.33851547453 839.363325882306 950.157639508962 1017.69104416403
925.832576675217 1074.52641608163 959.469530136363 1003.0960685324 813.327728771848 1094.2067186098 1079.04112557927 1118.85457445297 1005.54485668343 901.439308746389 1081.63029238791 896.890408472478 1188.17624385462 1018.3341894743 854.09438564144 735.318520998551 1027.04930580361 981.966448151227 1041.27451285234 1140.60255313599 1072.93982110088 1016.82297085304 950.815594698012 1005.5040057163 907.641205411899 885.748299401227 1111.64113977245 1111.8936559235 990.360904141149 1128.42033542844 1063.14637849558 1092.62430509267 952.755676643934 946.586411895172 1009.30609614393 946.857461752322 996.948265476935 984.665098363393 927.889545463078 904.035170129847 1145.14561729626 982.585794340091 903.319368840451 1077.88341268017 1021.05905881553 1048.23056220176
969.313106858281 1097.01354804886 985.016710988859 1049.37216114301 1079.39414024354 1104.0089022318 900.755459647419 932.178245127916 968.252691058107 986.674299244004 954.334128321026 812.612117567238 1043.78116753969 1125.0426205135 1025.41665847956 1035.43519291241 985.355686611198 969.45102440648 972.909135506645 945.343772631065 816.060379622102 979.970366224196 1193.94774875956 1013.63972918342 975.01771768193 1062.82540556104 933.094975640023 908.614537041196 976.032177550637 920.239565135811 1052.77318433449 1030.04046071141 961.185809199909 1288.74056468057 1136.52895426707 917.53179281591 1007.52409391615 990.38484697657 1063.00667894019 1219.58571642477 889.493319783374 1011.81579258708 1041.92951082931 938.360399400908 1088.19356950615 1021.9643843004
904.094226028709 1159.5392285734 885.829548372181 973.487753970261 926.166480689609 989.737644390694 1201.77099383015 936.489384231084 1008.18970198371 1024.13879530339 976.7842979113 1081.3251120129 936.280282322832 919.315903658221 978.548810392444 1371.03660928455 978.657181678034 962.711546451468 1176.14851038157 1246.28979572941 1035.58592482974 1016.54031062224 1084.87933030435 904.570227495435 1120.20780688447 744.350747385736 989.502319895012 1114.2557090154 1106.03269807891 1019.57085506631 1005.00858079975 1130.02592012622 1013.43870547088 872.445621002941 1009.8774623671 1018.4391726479 1049.78264712587 1029.00867578611 1028.23865593776 1120.06027371905 916.268451918326 879.609519340144 1124.77366026991 1089.42889468292 991.838464432446 827.798011353614
1189.1073193907 876.463287129415 1027.88294132144 1011.99625137407 934.564398177399 1016.91585143856 1051.6189157116 1014.21439666522 982.976140227364 963.24941134997 1174.58954037049 880.033229354487 978.33186479856 921.803434722467 1012.51127273594 972.415724976553 1172.00975403764 1074.23601073945 1258.04744010041 1066.71837725374 1160.58691270042 975.446994350769 1067.20117553382 1082.30326813554 873.872117546971 883.992875222787 843.563858946102 1014.86336981336 987.835013679163 903.320263519685 1093.0695171435 996.366144027301 958.976229392022 819.980833960503 1118.80238269064 1132.92127100436 1070.47393378457 1031.78737628047 1047.37446095041 1178.29594634334 1150.1865544971 923.724586936288 993.314315541594 1042.56758646755 1387.50688074906 890.140971742599
800.241787444336 877.960759550025 895.77568922585 849.677963171787 914.73093863069 924.722999843088 1015.65642761389 971.233886133245 878.805536645416 812.65193845191 1081.43066446197 1110.4802808793 918.636724944392 929.398375913916 963.237197159475 967.962231460127 1167.21557745149 1283.12546812066 910.409286484717 1044.81203462072 1021.85672257454 777.490179995931 995.484346430314 1067.20817558994 979.157890446128 1058.69952530648 981.581155233849 873.345404938813 903.857581429669 967.952403334627 1221.26822082419 993.531704721292 1234.86633680676 1183.62073426857 886.581726661705 970.101353757197 1058.48709378441 1075.81873167126 907.924275675598 1037.45943893317 1008.42193801044 1114.37862625619 988.766266952962 999.284383550294 1005.7932617528 866.84331445605
1154.79039355407 864.961222538087 912.226084817108 1160.8783168853 955.948415023815 968.582646929325 945.35606987296 1007.62298743934 1039.92731547318 1009.56112264387 992.710256605844 1100.28851444641 804.69436934046 1097.95571799898 852.2333796964 893.451653159645 983.064614692465 980.274891139139 970.588116731439 973.52110228392 1141.35755422305 1005.78990823506 998.893653941506 890.897182428881 1019.62678119857 1028.10060626627 877.457562719291 954.40361483084 942.701989587662 1179.92344945225 1003.88360048757 985.026153794585 826.31417573405 1097.40841806819 1056.62906138728 1164.19966810007 947.054749180563 969.218475748856 1118.73356722664 1108.29145864843 864.675657039198 1030.57561790114 1158.81784073302 920.283757436449 1010.70909904747 1152.05085407633
996.041529481774 884.522305125767 948.491220903791 1086.00175139069 1095.51916141303 1116.24375571549 1195.74718195905 835.870237793492 1127.24980718014 1002.95045227553 1000.89884889907 913.504832594562 1118.45052309954 1070.74329451318 1028.18752806375 1153.1398910982 1068.12322368399 911.166717724373 1100.01216997846 1008.68598098766 1144.76097717309 1013.88280905495 959.670964804287 964.747266589325 875.712628170161 1204.64322397172 1111.49235351689 1160.47240440934 1072.74553333539 759.181662954715 1064.24368277577 922.517234691729 993.862522982538 835.722626434413 954.422046000344 1031.48698993952 874.471505929607 992.107199945244 928.940084503181 914.848474903679 943.426283295649 1009.41338609616 1132.23935450976 996.704371181299 1102.37303975627 1004.08152705147
1020.83570037227 1075.86046015823 916.965586227682 1155.88640326444 829.259572213824 784.46848091762 1227.73999049212 977.97746145467 1071.99045391968 905.418357212779 954.199984523714 1107.70688237197 1085.14453925276 810.321553616367 1229.28589139626 1077.54757678038 1007.06026752166 785.8681666197 1092.19686893023 1034.61898818781 1105.55157723406 928.886617190053 1096.85860991268 863.497417425446 957.060427197046 1042.766503692 953.504518104348 914.953623755282 1032.99762785464 1140.53781865813 999.173555680743 1010.53698941112 1002.87979958179 857.102832079323 990.786747918394 798.788462432502 1011.77998271139 947.329192194271 1021.13419140728 1015.38101759726 1032.63275169414 932.750634980927 1168.13457394819 1051.05411097405 940.423975597783 1052.10841753607
1148.56120902339 1141.42260926859 1015.85139517224 922.670405589163 1034.21477603438 1092.42452389593 1091.77846045722 791.825128288809 1101.82064252874 973.843599844461 1033.68361364415 989.795030385937 970.126562989778 1016.19407947668 1075.047286165 1207.67732821857 1060.06384846015 995.302031231666 1024.35932845332 1065.96016423768 835.454908373297 1041.71604262688 749.107076226286 1071.06413689701 1118.12515069619 823.123870687941 913.644220609674 940.113796319899 883.126771566305 869.320631542516 914.884086341557 1067.29933239942 948.884493046925 934.864866259785 1017.21868333283 1243.09071633034 887.546951169623 1058.04983714298 1050.50252769911 1010.80565881052 1037.35873507666 1042.69723793913 955.777930041936 1128.84063991472 880.364464613765 997.248339856774
1122.7178457831 1010.00636087137 1014.15237782833 974.337203062888 1030.24348653402 990.791300141934 977.210509070751 1026.55353815582 1122.99012449469 923.712287815981 1035.32876013901 1116.34948345198 973.809851923193 1134.18533925127 738.799033350398 868.919513704622 1003.50624658962 787.325114570699 1236.49706699858 1058.62726181303 1004.77146980353 1050.45235094731 1278.43698314139 954.345717131829 1000.71971959754 908.202528892991 1039.90420374106 954.777101459721 954.377269629459 994.059302510422 949.997140120159 1042.18358258056 1132.44041718714 872.65798209211 921.306118655967 1042.35888765128 1132.46670361563 1044.68342493472 1004.36121225543 992.47565568026 1065.03589273566 1030.36595139254 1030.07401592748 1137.37374707436 1045.5611814741 1173.8081144727
925.752584232949 991.368308317078 999.05027350376 974.491143723105 930.60457935595 998.224510413729 978.752866214053 999.678863831537 970.368012458911 915.934423827316 1204.63667607416 1029.13998176492 878.944074936747 871.703926944182 911.458234029759 1009.9071043183 998.73646779397 1213.18200121335 1077.91316672292 987.973038554906 1112.03381056422 892.09188288606 1010.16548970644 933.312472721251 914.603350013335 1045.73416150122 1099.63612489984 995.831810437913 1007.63273210957 894.598317873336 924.955682955698 1159.60266505838 942.342073392627 933.548115136158 991.175719842769 889.794445522254 982.999865001622 1032.43616632309 1048.6792786905 1208.69248746409 1113.84460906042 1140.24660982947 918.012933776747 1077.99629454324 1121.41287623637 1025.72422962383
908.847924177863 939.700333140087 976.709095644044 1224.15282265926 1011.37174344592 946.166828688313 931.411047642195 938.042352889605 977.545955743481 1185.79983108409 1022.60497454854 951.951834099213 959.340024485348 1024.14688228109 1102.82320833925 937.001019312106 879.711297405224 973.39236882983 1235.18494693499 1131.92551749509 930.109651101967 1060.54372382915 1068.58011804057 796.993522913255 1041.74287171868 872.110343599834 764.027787705469 980.793879516725 1063.62845158818 887.782275671366 1037.97899532949 922.833250135779 965.947687864297 1082.67654109204 1031.1332646919 918.741939338467 1042.8874890358 1152.58246720724 1175.68007971034 1006.34844348782 1024.24814222836 901.81236073899 985.206369917429 975.535108448961 797.576837765944 944.407600999952
1041.32403929484 1082.47015255548 1104.12151921252 923.570198509405 1085.93280308067 1091.50420010372 1050.05791326441 1059.786165285 1167.040802474 909.088174460658 889.747179928955 935.797996247201 1022.51077779652 972.691869973714 943.78551668311 843.912338373634 981.503966702148 1015.96042243412 990.967550782545 1135.78484194972 903.310343421139 1002.29423214298 776.555181941422 1039.47864587872 1133.1703524396 870.298535644093 1003.6138859612 1186.01694691318 988.901027561064 1077.98807045761 1073.01110823196 1044.04633892742 1209.74036076979 1074.86525765274 1020.08759904753 1034.69253436794 774.59147171826 1191.15172208147 919.299318184197 1203.20067878795 912.440633602827 985.841201846455 1067.66058876894 789.260908439601 815.457271894256 971.548827268768
1038.37046703657 1143.24968151499 1025.22104441059 980.430430546036 1001.29976632312 949.704522008604 970.073173398686 998.706860985843 1100.74357085307 913.548519339328 1047.90772147287 1075.92839950172 1156.17080076966 934.732644247284 1055.91873224027 1105.35917736806 1071.31866505999 1042.30406867951 1072.12446506571 959.674768476233 925.429113164295 985.906036428624 947.18389822186 1152.72603871979 1059.66600625709 991.127555613657 1048.98589777023 1061.45386846767 894.729824860978 1142.00515839992 910.417383680968 982.729649591096 1039.96077365087 929.043980526639 912.602272216498 1081.90756728824 938.797550204672 796.97477461107 1000.79042004874 949.786244560398 942.997635458783 1133.70838096546 1173.0824972942 1102.80777449364 925.240501137399 1040.34249653192
