tests/cost_rasters/cost_rast3.asc
NCOLS 100 
NROWS 100 
XLLCORNER 0 
YLLCORNER 0 
CELLSIZE 0.01 
NODATA_value -9999 
[rows 20 to 39 of 100, columns 0 to 45 of 100]
1057.20116968256 1023.77685121224 960.876680770844 1034.98271668451 940.408933778712 955.763828832961 1149.26004447578 962.700040018154 994.288995237281 944.074466752005 1084.71858022168 1135.72143007887 974.79460790344 1067.01261417743 956.283587958089 1177.18890795785 978.837142026957 825.753223334846 1081.22994504067 1108.22404218671 1017.75616082226 1028.25177003209 1123.40397336123 1046.17155529643 1167.31231604762 1030.95944264705 792.331479105804 941.98409441486 1143.66889943859 1022.66331446923 827.361376659223 992.636078584408 980.144220336443 908.815312321998 1119.03399777345 1184.00289314005 957.440170280849 966.662934224527 982.228728351031 814.686506266406 876.746347068633 993.491592350219 929.017134916651 1146.48659374466 990.530823290011 985.490174151616
915.704172613809 959.847411955147 921.650763873405 960.426268845388 1010.96994900871 1098.01683323272 914.071518046671 1053.5413682465 1016.23482467509 1100.9058264983 1018.95045501769 977.37788832831 968.419266333713 928.04235967324 1073.08247380646 1020.05512297446 1111.90130779672 988.204747234612 932.118025501307 1102.29475059809 905.076505777629 1042.07419546556 956.23661405239 1000.33934350803 974.373103008747 1085.6465269517 914.745020101111 1191.66020711831 946.158332138129 976.417510725888 1009.68484866928 1224.01106434093 887.144001543626 969.182767425824 1075.00429656167 1076.46054948324 1163.46343039818 917.28908007939 1014.8192076224 1171.04758564795 930.166456318285 1137.820491029 1043.54032931501 1111.62131737528 877.303989766233 1096.71551742607
898.397991931949 1127.62870866523 1109.04499342222 1066.37877102369 994.614623639614 1001.50522490403 919.381721304348 966.815308201863 774.945099702329 1060.98744331663 1121.71656469043 1075.26099208359 1017.68361103362 953.831126144353 1086.43993144926 933.583853871773 965.614714063506 1110.60154232956 1122.664167076 943.669447786777 1092.75672624072 992.443333502597 1003.95937545798 1020.84533472836 1091.71103011901 979.13727398472 1036.16753257009 987.455047141781 996.738256792181 956.885506093216 1061.98749383698 1136.39796666541 1128.80332881539 1150.60112511759 1110.69006155502 1036.27627379777 984.105869850524 1120.9577594789 1019.66171778708 1016.87040455188 890.289133025574 982.241044967167 959.857883508438 929.017632390372 813.079225778452 1189.47421867317
1088.18768934391 997.579581983336 993.597116368548 1174.95225805441 976.202062077924 929.695829045799 966.936728525321 877.512777140311 946.370083978679 1079.49616796033 999.099339684622 909.890020780813 853.041301605792 923.846733626713 905.691155083592 857.187280121396 978.369461355903 1060.14581634173 1080.97826575323 1194.66298662998 1135.8705748473 1023.79476367134 1049.34798351304 1045.16978826381 1055.76322040816 1139.18059066158 981.290922653373 860.243721966455 835.286959960427 936.646133009546 921.782824699976 1102.1891110878 945.161979379295 1033.24307455496 882.709106987423 944.596519489429 972.575429346891 896.979768889346 985.418249813005 805.786696664834 925.60041650763 811.028082726233 984.901643654158 1067.63473093371 923.064386733412 1028.18573558638
1030.07773623095 940.165299309945 949.086959640081 1132.32166823809 1155.34183414229 1072.86894721885 952.25446392991 872.061800645461 924.812964332615 1021.1740604586 871.508289650675 975.473522575148 1064.54624334092 904.8693083786 1101.83541873849 1093.96282222309 911.802622708724 972.895635597427 1006.40307870239 879.607436152614 931.33014984317 1166.34476528277 894.107948562333 941.245837191779 1152.02078217529 1135.5319122152 1188.93411012747 1038.71860405606 1018.41134533957 941.082855491908 1021.6898013502 1077.20384781163 880.476343757002 970.435228935562 1155.10021784012 1087.62698724277 939.663479698878 900.811580050234 1104.31703184099 1080.18557881753 978.747490365759 912.443520234997 1057.01161851758 1080.32913878513 1272.04897745275 1052.04378193262
1101.96106216614 983.255050451297 1065.88122425032 898.656401255736 1032.29018710957 1184.51155386907 1107.92761938875 924.93412469589 1059.80052210938 1269.82602388102 906.980097307565 960.441490050117 981.477882383466 1060.0626800787 778.475731069888 1013.89157011102 911.144697247364 1125.80375193793 930.393720918485 1029.54240090608 1143.32533658393 797.459033919401 1160.59996043868 1028.46609917367 833.95919703397 1101.19947618692 1078.15342091897 1189.42173400816 962.511499868515 1035.51011369392 1082.77665579808 1278.53469625911 959.45969497592 1085.8782455651 842.010945947218 697.784473900804 898.7041746852 1130.03351124609 1004.29808574888 952.071777896582 893.624952463876 984.633024608507 1018.49568902355 992.352388560086 1040.52616791794 958.43782714268
818.388881997194 1019.43191520815 942.723442611879 917.546191418805 877.852515053253 974.332921337258 1151.96393415627 999.512093004694 968.96606695243 995.55716248281 958.002380688055 1045.13077303707 927.388198142521 1043.03200390781 1233.40690032007 1024.37182824825 961.361061720035 1155.6854718324 1038.8777919295 1092.99053703579 864.734795344364 778.19340500683 982.197069238552 1066.87881696803 940.198692677116 1128.3823438432 1061.02007235237 1052.71769393497 796.670158817681 959.61113497319 908.224236385226 993.908143924826 989.611553572177 1039.203890529 923.324462167049 1145.66427584362 1059.95272675166 1029.20906422488 812.236119536464 1050.44577684412 892.907984648707 1026.08439241886 1108.65513456028 956.558497674881 1171.87483459995 1076.74102644343
886.571131199424 963.483692690843 1025.93874040911 945.797551118227 934.298616571237 1006.92487311588 914.965681289159 1153.19155543382 992.834755765156 1053.03476184702 945.04343826344 965.833756762672 912.31707275426 1026.26047723941 1086.54788361548 1077.74734262514 906.220392015465 931.316249015695 944.514350405974 916.742068404456 904.49673094514 844.1508815773 1085.72720934411 780.753936302041 890.93197636202 1038.71868766312 1060.62569734 1021.64224347608 771.262923303931 1031.90326691888 1104.97981009512 1005.73528944817 1123.4139362711 1015.64426554207 1091.46099498223 972.991247387787 1089.29512010174 971.151549466299 1014.46618913951 870.612624978919 999.711159927198 1012.07066911025 830.69994445106 976.418335103772 939.923028438361 1220.42825321853
1188.74002484462 919.473661017175 903.411051674504 937.046535023945 972.502411380236 823.245996286657 1009.04567381005 945.249285242578 995.098202106342 904.760783916311 875.582494259199 1084.56952931309 1066.71179799775 846.134631523372 1091.27949668642 903.02791449063 895.316892037866 908.237129297728 1153.10361681588 1083.22141378176 931.762136003258 1108.83373830539 909.853610507363 916.936048175804 817.70425996518 1088.75646270597 940.271539898103 939.392561371907 940.894966212089 1009.30425849051 1068.10313273621 1102.83034357922 967.899389895631 974.148095517073 1032.01275028979 1062.3612629929 1103.38523817757 1056.70740601503 1005.60450494661 1036.0763605154 1126.79770904506 1025.03527338034 889.381158866711 1154.38898421214 826.706558706454 1005.47351455272
1102.61151310991 996.709606051192 1116.97025520451 859.594293434113 1005.6100100385 1018.50947253522 962.956206730173 1048.80246860341 1062.47927881344 1131.05544678255 963.63814766216 1109.92676428121 992.642123579827 892.591486968064 1053.51574766968 1122.66563005175 1005.28907015389 1168.77596367239 969.544096534341 1028.59482848944 931.328907681159 991.652527399054 937.43487518478 990.11967079414 1021.27732563156 1025.91383234897 977.347931948375 825.087142750275 1058.08472283954 961.003174246024 1136.75311842419 1024.30586651278 1125.62134730912 861.059621406778 1126.21230437313 1064.04812975095 1124.5367311067 1013.0114639107 864.238659275007 1015.20503716459 862.339405470242 988.785707581965 1140.79256834502 955.927892535024 798.127860843902 1033.33715842414
1119.3689555598 968.488609339287 911.794751540709 1195.25628258787 772.167463342928 957.731853070772 1099.03529373382 1096.80028149353 1000.01731607644 1211.26814594419 1170.67326662376 1212.97179715634 909.990344270096 1066.41070640811 983.270136800745 1041.21742427975 862.218354641199 966.199128132114 945.88973514524 826.457943944114 966.773890127692 1148.12562026892 948.529089121129 1080.07343267503 1172.79224595723 1057.82645296874 933.212965341639 1012.19274453203 1037.40473625421 1092.66082411904 991.626053500386 989.685090604241 984.343514762194 943.439691038337 943.206726102265 1004.21000751478 1003.60575378774 1052.22295611241 960.991593673957 1045.0634871161 813.131591867608 1021.53470259058 1043.11388481825 1092.94987678414 1065.39161770279 1116.9072172576
1162.43081284441 908.194470266175 1024.56343210052 1081.34248114047 870.506619748407 788.808016891699 1211.07978771075 1074.36058197024 1053.37887227809 947.82508067319 766.158175546426 1102.78711859766 993.589594201201 976.969853662654 1269.24287207674 872.306654978612 1111.73936283346 851.768809524764 1002.82000587771 1022.34811978646 811.931203122077 1193.22337858658 924.902608338353 1003.76148380892 986.335726117411 924.21764835283 1033.48548792871 1178.66429908522 1111.18629744742 987.473737497085 1188.20896003587 1196.57529156402 904.064545431967 1029.7880045502 797.109806131828 1153.62801222792 1094.75728593897 963.191284339384 1188.9622593329 932.532864036539 1007.38397297804 1145.29565042816 982.113372550965 1070.42593012169 912.887746407698 892.77531320337
975.529118355962 1040.81852721369 1028.10813724237 877.586131674046 1049.28307881592 957.227550923891 964.680261756715 921.842344804386 912.952765773242 1054.11412552481 1091.5859154591 1115.88707150556 1087.38219147705 1041.37147433574 936.865002384262 1071.66263250719 843.396477091345 1247.34558559702 1016.46138421292 864.487827823666 1261.32798041321 895.757484108393 1012.55534180838 1067.52582010789 911.247918860974 955.670670729836 1034.81511003558 961.946858365635 955.702440850824 971.763856067271 1055.37238860256 1078.53830618353 925.342369370577 1141.95978391354 850.670980096521 1041.66111930118 973.553565777511 841.911057690499 1077.07289265667 992.812946641654 1007.97490068608 994.030393386395 984.472781986334 1006.98182738001 1123.72897349724 908.824497697373
1039.13099451765 989.014521106452 1144.37392979898 998.481930322674 763.462479609441 1098.34530648438 1018.6489628069 1047.02152993157 932.281987305195 1045.14420791876 845.754928159847 1081.66041286286 875.425587898609 990.02958879842 1014.07966144187 1049.80840160303 990.973583559987 935.821583867441 1045.4492594266 975.506844465448 1047.7398422521 911.418758847015 1122.88148700685 935.590351994581 984.257427833427 860.915804528572 926.444174142999 1060.61459901011 883.93326861392 1004.43185116677 871.132325939852 877.053088032273 1142.65137264605 963.689125540775 898.236905339586 1130.17412302451 1242.23819828339 1023.00470900977 1004.23199407021 947.137038333749 853.752746444389 1040.89472150134 1014.91037488215 779.973244227982 820.931147531246 953.768022232339
1019.0489229906 1142.26688398265 893.215191567985 1053.28444635858 814.747235463564 1075.6188973606 976.454746173037 785.265695347648 1016.17193412002 923.717410286741 944.304020081524 1045.07668390074 1014.24192917784 870.612211087982 1050.44763978314 969.038823580356 1120.38665430257 1050.21732893127 817.040411848804 760.682162303239 878.229613358745 1056.94119643518 965.545456340455 928.009691515806 918.806147512931 948.452424898464 1093.97974954469 1064.42199011758 1110.92968625403 1049.21035784168 936.615848795461 1092.2045347746 938.687001562816 1122.32921131896 795.253990685122 990.187707635647 1216.28439337835 1186.96461728042 989.644415279784 952.17269832764 800.021138636586 932.994257287682 950.925686414139 820.681090910674 1128.85180271229 1022.14622406243
961.147105666021 972.154302751891 764.226413747233 1011.87382460521 909.704846200261 888.953537551808 886.74353946049 1065.67346542005 877.414125235421 1004.85528727015 1003.72721095759 828.926635886575 1082.81359399126 951.622118339046 1001.47320035538 896.299064050384 1081.42660976902 995.433989217577 1013.53323479521 1088.03698329767 944.940886521467 945.287308127037 963.034910269082 970.646600965111 1087.46513908883 971.209503939909 889.334129195835 932.007621939897 990.995374576905 980.463109421647 900.389583067961 1041.36276164451 982.451972893063 1071.41246117257 877.431025902923 1056.15221476802 818.179727808292 875.60383856132 1002.34252516909 906.561501377508 1119.99637065541 1070.74153508691 978.230673512066 1133.37692784289 1017.8681099713 1002.77563515351
1036.8103842258 1018.28093193924 938.40892460416 1005.27390564265 767.825745078427 1055.80774992067 1005.20344094278 1185.06571814345 1079.94877091406 1001.46383111744 1053.95279239831 1100.73387882447 1081.43777730989 1145.71893650508 1058.0057809156 1155.2259494685 952.414817369646 1130.48918004076 1026.08095447088 997.91293275917 1054.61180873894 1154.55856181529 1054.53253085724 1146.48203807984 1080.59479161812 1010.20948836494 1025.90783527148 834.567444356999 1210.45314361419 985.205595686062 975.831234328847 1090.7198241333 1078.01092878937 999.085102013177 934.013006120102 1067.87976976907 1079.72708533892 893.309541620682 886.775064571369 908.68103630109 924.536068887531 950.221183466593 945.412688897912 971.693730499774 882.515723384845 973.308079213777
1069.73975543506 978.215817831311 980.310930403564 1098.63281779516 953.82802925112 940.527913752705 1082.21777433128 927.385693916112 947.964639417879 1021.77044089217 1005.23747864457 940.329910665304 953.73942029818 1147.65677932413 875.104063013018 1021.32288337884 933.140305667472 923.242487522368 922.847064258507 945.498791677288 903.549974236892 928.135427046687 998.224549618182 1031.46140005682 864.853574787996 1037.58948778442 1080.76162402272 774.04799938222 1094.03574665105 970.456009064203 990.348916773117 988.460318894479 922.153719166684 1206.68899785503 950.004306354679 1044.37144624517 1137.79339357458 1131.51733335224 932.766516503056 1133.58896230031 949.081709619677 1099.60546613396 945.022328911388 1075.6189001916 926.27059551351 846.007538245874
997.671934324646 960.31862526802 1081.52747814159 1122.60157700041 988.816504902014 959.019802912199 929.591400712163 730.208092643777 1138.41397703223 807.363964579893 1005.86008140236 993.153715168301 970.420520667648 953.1756080845 1018.65735645401 1132.10473630327 1030.87811827474 954.868804416901 1143.28933351617 1082.79545401931 958.934285785323 1094.80293767635 1042.00965556205 1124.94521564992 1075.4707211263 944.038056024691 984.424783279663 1002.47982974121 1116.63695258566 1115.32976336022 942.763303805903 1142.98748109276 1082.48343903251 1242.83594544211 1169.65028390698 908.611437177494 902.72571868238 843.151901316939 841.755224316125 1083.91812231816 1036.41711700881 973.610703977474 1022.02125260087 922.333715396407 888.665108550724 877.111684278858
1078.0084086451 971.118818113552 922.358660289849 1000.4644044147 990.686641517988 947.454829466862 1021.88208124127 1138.35145332387 898.628398494243 956.404643067189 886.488921914877 1123.18595383373 1032.03487943383 952.608685906657 1016.47097269118 929.505812047608 848.931636757587 1021.19811290797 1057.42459359899 1034.58801164911 981.367048556623 908.996617510026 1115.47514868491 1021.73368521092 1036.92597099689 998.461427856006 1082.74837806574 973.669143836816 943.394221281352 978.424586751026 1044.20536562968 1178.2656405394 930.521602503208 958.26816842037 836.978001432964 1139.70963536721 1006.25027860054 1084.97633098015 1044.26264968417 941.839467631329 1145.53469841798 1158.9456358889 972.425054882914 893.221441691985 1108.80366370668 831.437936101287
