tests/cost_rasters/cost_rast3.asc
NCOLS 100 
NROWS 100 
XLLCORNER 0 
YLLCORNER 0 
CELLSIZE 0.01 
NODATA_value -9999 
[rows 0 to 19 of 100, columns 0 to 45 of 100]
993.262444987836943 695.583466083961 1042.93238024838 774.87530852736 831.907560256697 1205.33355789239 1025.69131465191 991.932194055695 1135.05528269786 1097.03337259625 946.419986793837 966.622655352484 934.082889743929 1091.41692772882 830.442457608479 960.014256173395 832.39885903589 1170.69659272564 1081.47485932996 772.026840792116 876.246853187629 1055.87433856588 883.236413793925 975.697072156995 1080.05526074048 940.736965174163 1021.87045073079 945.618680825071 974.855896290219 986.822149594762 1198.19259067907 1004.84785158756 862.31438250117 928.202597658108 1066.00616727896 896.311407351281 948.47271294278 1083.12924775774 1045.11107276874 1050.26693627138 1166.44216068395 1098.65218060092 877.355834333334 950.928957402924 961.030308194194 1063.91625646042
1130.44153960185 902.323116982148 994.139545682238 878.934433313461 1136.26456400946 1138.54951765758 1083.28846869508 899.551792137906 913.988036270949 917.475249078896 1145.33404456231 1011.42660784407 822.436212594023 919.54259846242 1143.65389231766 1080.42768624226 893.393344811901 848.978087088517 1088.52229645603 973.746977507552 897.740218867747 770.879532645004 897.909183616428 1114.69004789864 828.244270315407 1025.99545556125 949.982381191978 949.05540936792 1047.6982007477 1029.29458593901 912.369523117591 1091.42203399859 1006.27274068689 1107.99818804711 973.182815608171 936.851888620009 891.046588545944 985.697624480175 1011.51571847962 900.357181466615 1044.37646713357 873.463266452394 1053.12315804278 1139.29640015071 987.813404279295 996.071924624923
1069.32192856857 835.627800655326 937.891712691749 931.027441410796 1045.15588828108 1021.03904882555 922.677839209007 996.706852162694 1053.65370430863 1025.47759982169 1150.04837001498 1225.62624882378 886.583082982551 1002.30508224689 1052.922299174 942.70363802267 1051.33039086938 1103.00383483314 761.975004553461 893.442864930266 948.136143703904 956.803800628447 1054.69851374486 934.654082163294 979.882699265806 1236.51792759985 682.151696029692 855.393885579652 941.389126321846 1149.40547337487 953.744823374707 962.061016323314 975.567209142437 956.979224979582 1019.50120070624 787.493883152917 883.341564824443 1050.08259407091 914.61503860702 896.306661122596 895.302028640551 1048.43877950468 902.504709638554 967.135267206153 994.162971037291 1071.04803619861
1008.1164907622 1088.19364045839 1012.61973594365 819.266101188538 1032.52512091863 1204.88455339075 1221.73087032054 982.458044482946 948.692725064994 1019.82042472143 1012.46932651114 941.748564427499 957.765499820744 1017.79364172536 976.701551094661 1011.86695181987 877.554964656186 984.113780950226 1152.65767135833 1028.78909022367 853.457681223301 950.931501512029 944.741699712625 984.372013668704 1036.84094785625 1266.55647250297 904.629437638706 860.093145997408 1000.28640316701 831.388068516438 967.60366364793 1130.84983419086 1074.2669662669 795.689516459258 969.789570323038 910.209786914072 1096.80986289622 946.708865332119 931.161310235727 1109.12893868989 988.293480046761 943.029732005471 997.924053280705 1024.31383546909 966.394256804151 921.136407600268
1021.85559610364 1057.20591682253 954.149246727981 894.910257518169 857.437429901031 1133.06804506004 939.283952717622 1018.01352857594 1087.6450528607 894.329117436165 1186.03210104717 801.074164732279 862.297216261482 1066.4162366112 1092.02151166123 1069.84290889431 861.077256446187 1123.33568395919 937.995199576493 1044.54745154726 974.234965605841 1054.82521333094 997.547244916605 1099.79026524862 874.304244403502 862.40542250106 851.384432059902 1071.14445347705 1081.92065762807 1012.95618700873 1001.60596959875 773.057012830476 950.234873704267 1092.20286538929 1117.46866756085 1142.34748332498 1061.058569747 1055.53910277332 987.161740411155 878.258928126582 1085.54346891601 867.975690740852 1038.39608193214 1128.42886102166 907.610098034657 986.832647255656
955.499456641024 1015.98479212232 1135.4205632671 907.605509308757 771.883346630578 954.808405087164 956.487176974543 1059.10979518683 992.29220069407 905.815359298946 937.068367452884 1134.8281706963 1043.96452002721 1086.13282785187 863.72166857111 1046.99304064171 1001.66005037554 1041.20726000121 991.202271675803 852.796454475054 1067.13780027545 1029.37269560462 990.986929062141 1055.19925246952 1182.60177930454 863.115700998001 1288.18304921117 982.048281853503 1078.77626004613 1028.20446015634 849.161113190908 1048.47021727067 963.306931438588 922.024871820464 1102.23211822647 1158.41491220366 974.173513608646 962.364149816006 979.801875813459 946.234833214362 884.62760571215 1049.47284098286 1151.70015888149 1000.18116642718 984.937486888017 803.937153860172
907.769188896891 766.608391451444 1039.66113356792 1123.06264348009 988.995169312173 1082.55152046173 1190.29599883935 1005.13818134137 1055.441831456 954.033148007969 1014.17390132208 910.042149820469 952.321455125453 886.696383669731 843.402919289637 992.430933030191 1000.79203248035 987.419499635764 944.832738664675 1023.36470559233 910.188371183728 981.457178950104 943.247314915353 937.693593951415 1055.41381354133 1010.79554502495 997.203722767569 935.773468408543 1102.93098334705 959.673474651975 985.316071084627 1167.36400239193 1095.9017820887 977.897254109673 1013.84397145018 946.869852170993 1145.45031801799 860.182643387414 878.409825050138 1212.40238491865 1091.81283868314 1182.20573185037 1142.47365009628 1008.79111827635 999.215400720461 878.53161093339
1110.34422060756 1044.46178223736 1023.09693644839 1050.76347206194 981.953455968627 965.034783026535 813.262634011727 1112.59283615931 892.405266056128 778.798291149108 910.642958892279 995.535819811573 1040.37393950317 868.533441583455 954.152951323919 955.161126316173 989.524555087377 768.262348218483 1088.0171147181 1054.72552716258 1105.29102444424 1017.96222831043 1018.72280548317 980.574113288401 979.92230922453 1039.00192103442 998.567106785913 958.414290302803 1013.48472293015 1012.54150275382 1059.91974034207 975.96769793605 1181.11193321387 1105.01178920104 1010.25886804011 935.628336832593 930.90653196281 1151.88061440225 971.019171545817 1045.6784502476 1083.49870470493 906.99560867329 1017.27028094721 1061.4669962624 1130.42150089851 1082.68355006537
1083.51232124225 947.192244236756 991.460895218902 1051.03022974905 1073.68132267612 1171.97694776133 1059.80698479624 961.981260021982 992.089573555344 872.12044424212 983.319757904195 910.809078541053 905.566240288774 1083.07712867621 953.756688870977 865.436401898143 886.298433558113 995.832253119647 1212.1616913136 930.763285588819 1179.58140966351 1156.79050123878 939.230806929195 968.096734149316 897.759424616806 931.670233277097 1121.09784209924 972.37181074692 956.682747820767 958.042994504544 1024.54054972008 937.007429895878 1010.83132523452 1022.37301337707 1023.86865016864 894.169430437714 1047.52862126156 1001.91379602171 1036.38035311646 1020.66090861539 1076.39394364616 1003.0896198845 1027.5602699272 996.434170842432 1015.15087372314 1147.43422887022
1034.95817374661 847.518585745492 962.534528965841 1049.88952567788 818.713347764881 1057.63477351447 983.433185064469 903.539064462351 941.047793132201 1017.42424801924 988.717421742921 1079.89100700261 1078.8924051799 1025.25043509286 946.75223873037 1028.19232699788 1039.23572490414 962.954848570843 953.693844072587 1007.97564247843 1079.00028050817 1167.65947017299 984.663149445221 1040.2084254299 862.597635206536 1016.49896145085 1078.34709512134 1181.6247559364 931.059759331074 1058.9990291715 919.894256792253 1072.46630483196 889.400741620321 1135.81939001719 1014.40615792013 1035.89937215675 1048.19767659535 996.58782492557 1132.60651923408 855.550173062842 959.173166378654 987.843003743734 1010.39675134041 1051.51553327624 998.050887015182 994.425699101028
1083.00802243901 1089.26001513819 1116.45502926428 1198.77816650863 1034.65433555249 1026.18435985384 1041.4285843798 825.898767528533 985.4709561761 1046.97560784928 1116.8153509306 824.316594725023 1109.61623441919 1048.27720665028 970.256134440706 888.336038409309 1054.80891069618 733.709533026504 998.277382782768 1024.32495579725 963.138096427069 912.617423699545 981.379497167255 1005.03087832009 1006.08770699851 927.83750642335 948.88137758694 1202.70319197548 874.382247020414 1106.12192919597 994.577626657096 1200.29200566671 907.421237437666 964.609346231926 980.9812771156 1053.94256830441 1077.63731418893 893.720257905286 1100.11086431286 1079.5166528193 1151.76553979987 931.307124998715 1063.34617690411 972.908878524574 1056.80960186643 1042.75040943343
1020.77699861563 957.999218655359 1053.60239573157 1049.88463507746 768.47348429056 845.687689693611 925.376135285351 984.707168632691 1158.87110974617 1184.31464336053 915.664608479604 808.463876717663 976.528329513858 1123.35943059892 1158.67732047849 1038.54545289886 966.103995019665 903.224889169004 1034.89890884747 1185.02118642982 974.449399666964 963.124288395572 803.262782560351 1046.52968088109 1122.53477725802 852.943813447229 1044.95328628595 1127.48600753076 1261.68152650738 954.902149719261 1078.04353181715 949.576972184299 1097.14184079014 960.886314086754 1235.10015445576 909.985606260048 797.535916105302 1103.07167046718 1054.97736057025 1035.51295967663 992.099787183234 1106.41063098371 863.77246703889 948.15804274806 1087.20428494201 990.752178925634
1015.91229914454 1047.13753507781 1199.21957311681 969.201005512265 1027.12330203053 910.468809199478 971.008829641958 962.229645535199 1042.18776475431 1074.21102588864 1112.82461062354 990.993684391079 1078.25879525533 977.738161856278 921.766412247747 812.958096883225 1045.50323312689 1125.62560762176 1144.55971242104 971.961849111835 948.735077445087 1102.79912392125 844.513006228394 899.805758320292 1057.9907526715 1136.06945680936 982.894377782486 1024.35211530041 1055.89245944825 919.305893865627 990.562957930318 1131.26574256905 932.484461341981 1131.47317506031 902.63304851937 921.071415894071 941.177137274926 924.550571437001 1063.02659115146 995.217419973505 1060.02063736855 1102.4820620037 988.354239034165 1044.32362154534 1073.07389484696 1057.26709843445
814.956623180074 1099.46532297229 998.57154063828 1129.60000636166 912.923859250232 879.775763831871 1006.65612525236 817.567430767486 945.54642294816 951.008498898032 953.712089476664 1044.62701868576 892.533658929893 971.778178217613 950.757121195609 1068.22509600624 988.478127334353 957.212463045487 1013.72978004118 877.90154886017 1023.05136420561 1137.58213938043 1041.02822978132 1051.70705896323 1172.51634979262 871.790956067735 1183.98267879103 1080.06965179002 1131.16628180615 814.773267155509 811.648363839219 1046.00905009851 852.896352448194 896.418914307908 992.919874825633 1172.00728942229 1123.84853648402 768.400585098861 1028.64240496411 874.915036285721 911.890587697401 873.407909167137 978.108638023618 914.735487850307 876.324975768709 963.956294483967
938.256833358573 1075.58252279866 1103.45423008419 1005.00787830472 945.249980780718 855.808903276529 1073.46579238822 1079.75909000651 971.606174419398 1044.53648197708 1076.19013390747 1146.87238564553 1111.94514746597 1219.69568092808 1021.93390820843 1028.37199703396 970.259454896277 1006.83405200207 1140.81356824727 816.099165706568 973.244925719503 937.566255817914 990.276052104501 979.151585043787 991.619537812341 864.98624771649 982.680601381832 1153.86779778955 1202.41321365638 956.839796915212 850.071049908918 1108.07743347606 921.242732090968 1080.52684088042 1072.29595229435 1048.11663869904 1055.31099571616 1183.10547290173 982.859613649887 1085.08834696573 846.893077851478 1160.63692856482 992.134981209713 961.670753598566 956.470237458176 1008.09100971334
1011.50343814899 857.191714459902 928.431658255553 984.870600046491 995.978011203446 1043.89766185973 710.995903352604 1088.92297800462 1139.79198810362 1060.25166467215 833.58678820633 837.58931987985 1088.88213677442 1116.48288507389 1116.7294009884 922.502980523856 1205.76291625846 1138.72380826515 1038.07232620608 1003.63120258477 870.537260710967 1060.68610109514 964.957176509336 901.515881281298 883.20793055278 996.591436563043 1044.1536455119 1161.06355902993 1053.94613817427 946.82439169157 1082.29820957133 1087.95402681508 941.030004800996 1127.12633596983 907.145549678131 908.966408653042 1122.2653624959 993.613004843263 908.874417683862 1055.60338095181 1261.89035336708 1204.18170890211 959.846312965944 946.206747339923 908.602224351134 1110.64008117865
942.307478153922 974.690303310025 1085.78962911524 1034.41192204725 836.960924836945 1096.29127393821 943.84423678296 1100.07718385802 917.391970663641 1218.47188763176 933.792712053059 853.750608090037 955.929524085465 976.303726981898 926.880653405735 916.672991921998 1124.7547918994 818.918068344244 1180.24758662334 1052.98475127878 1140.02031570706 918.132924060678 1065.51749708708 1102.5265064873 897.720543595549 853.364999795365 1104.87194276748 974.703095554645 875.908238493012 1142.1378724597 1191.58421588766 1064.03968166172 1027.46135140938 1239.19706926021 952.244127129639 829.786340636326 790.515378483839 911.022852488941 884.827951893377 931.553950401278 1091.02932946108 1006.04588392646 883.655318746346 1137.07159562768 1094.10133239684 842.055264533251
866.511271699346 793.894505919443 873.274618491146 923.537334153513 1118.84147222683 985.32549567733 991.117096826435 995.790875771882 839.888663391198 907.403848013616 954.447165627622 871.265820649933 976.176869904035 1171.5026535699 1043.90180807263 789.369654436341 925.978160860795 923.949132424846 1025.36660496589 950.4899671864 992.109735873029 1225.0631022857 851.766316864657 1058.21741673508 921.454819640284 1142.09843944024 898.550758983439 926.082176456405 1103.62895875007 969.79926062342 1093.04138957539 1070.65857114986 1157.84724321275 877.619868577261 938.226695971907 1096.20968541579 931.879936826122 1008.13086626092 960.851360020927 1099.93395653753 996.822396222847 949.774664976139 1110.79832442647 785.389067388084 905.584620711769 981.730146228142
1108.59218977873 952.129134513222 1011.87761425806 978.296393910876 955.530885918437 1021.53026766797 1048.39360469981 745.219378407553 990.321450749902 1078.01516439693 965.102400035796 1047.68378856937 1031.7274709837 1008.81877034477 1094.68875155076 1095.39950208604 1091.63072497223 1099.40791924064 914.582336006361 869.920911247577 988.988739851664 985.471490859027 1140.40663713633 964.736868714327 874.911757879798 1041.09616643363 979.789482561026 984.44700615751 872.993994388997 1106.80406422509 1089.93182869074 928.794100166002 922.09615862372 1025.57602919792 952.784359799612 966.740526364523 1009.96544582548 1062.61940616408 987.932621056135 901.511276045376 1143.02783031432 891.337974059701 947.373416136919 1147.06286989901 1059.61014636931 972.228492268563
891.150002440586 1276.25631932777 930.521908364953 1013.9343240037 1000.45379834246 1003.35341225248 1059.98820667708 962.360759283039 1080.22773258369 935.358853282647 994.816714845983 910.274281048189 1012.87751692978 1041.13305786532 985.924378495707 844.872868361084 1013.08578095259 993.943519287164 942.121858055334 1069.27575773629 925.511556894181 1030.44165558197 1014.16310044546 1097.12996963878 1120.47687979197 1067.41970373648 1030.50536913402 1046.14590964634 1030.359015661 1021.08273672639 848.284570107217 904.825379162944 883.72939108614 934.162235215648 1053.49363873868 1044.63045226374 908.958407594664 990.610113274936 1202.96325776762 1131.4842601991 910.797289989737 947.501688894196 1273.5162162027 882.387650111683 1095.47865873466 993.825698782435
