dev/cost_rast.asc
NCOLS 100 
NROWS 100 
XLLCORNER 0 
YLLCORNER 0 
CELLSIZE 0.01 
NODATA_value -9999 
[rows 20 to 39 of 100, columns 0 to 45 of 100]
947.05199112175 889.076789146407 1069.95484875147 1046.46772872696 1105.81998050019 873.994991944339 1020.99176516284 935.386406359077 888.791756479001 944.106787288696 1045.38909099759 1052.93123343548 1008.97304372379 1020.45714770097 963.02400468539 934.975578711595 866.793885826047 1015.56947800022 855.119457400358 1059.82914905615 986.988070259586 742.920293958657 941.170264346707 1081.09138805314 806.903850831743 855.277840917829 949.864056588224 1021.9352381438 1182.64930878946 917.201545664698 916.353130210662 1088.40544124568 948.476187192649 870.564364923592 1131.20502285537 1000.30219467697 967.679689183919 962.811580912635 1028.88798388657 878.14978326835 1108.20102636218 961.028396673541 994.976163717964 1035.60419748222 998.288463020172 1007.97629787876
868.181064598367 1032.65611983998 1030.46938606567 1156.11056698803 1137.93175071421 1079.56947255919 945.703713406913 1061.56183881561 969.118153561694 985.088322798305 973.834918075287 990.852696073916 954.988104766659 989.274166547723 950.791993703396 992.60782724623 997.563031443765 923.637518501626 872.020742519552 1041.31315966631 1065.11460510679 1186.83283281974 903.319181772585 1099.48862775446 939.25287194644 1017.36849058379 828.012796322708 993.93024596146 1394.9835891841 1100.1828071522 1046.75165262431 972.273136847568 962.836687273548 959.404476703081 1118.55167412909 921.062248394652 1284.09597816564 1130.43657421579 1064.56548174213 931.174574069799 920.222753972355 912.550105992647 1127.26906564109 958.427010892787 1106.92017497996 785.552912497523
955.962212820273 1075.91392152912 1130.12644256609 930.049819156893 823.83211470682 950.208566916361 977.827767975798 1119.43817592688 1086.9402197768 982.205678830904 1126.9716058168 1087.66555325724 1067.37105938096 986.213396881008 962.148118446809 1064.59968349794 1047.00580373757 948.348652833613 974.932801746544 1068.51407914681 1084.84592282935 932.009388045532 875.16566624898 912.733084620608 1116.63118687526 944.772912260225 988.973540316025 998.073647970714 1071.26654371517 952.2440219071 891.969149250643 1027.69650379461 1006.6234467643 1009.32617986148 942.393047537169 948.424416430458 1013.01723914524 1093.59742063419 999.160539996913 952.400826681837 1181.693853821 805.531211911064 900.878618801805 984.056647959199 1003.56854466521 1229.63368587322
798.587279294656 1071.29272861679 885.577348272803 835.08862817718 901.889246341638 938.56841298013 922.636274965367 1148.68067884687 941.982663785719 1034.45125402388 1032.61775801588 745.239402699307 895.354291621177 975.056017263815 972.999618902038 1019.51721139058 1216.66505938054 768.75902544321 962.671164187276 1008.22524721897 871.066151312072 1045.14405589351 871.456914741755 1205.91156025894 1028.63256971062 1013.61501988885 1053.5515532092 911.341295923125 1068.11547588254 1040.71484500589 825.170204939211 1045.57117395386 945.995884941521 1004.76514764926 1092.3884129153 1064.41927423308 1050.22390519409 958.523855801735 850.116679594879 843.757629781017 1055.99392519606 919.515654454351 1008.44680668802 1119.33070376002 917.263871633611 936.78440481854
938.178329126128 1028.33386216519 941.33855014342 1005.15560612923 865.656270115932 933.880296472231 983.34612166403 877.986085778563 924.693424594753 1206.93593671402 974.483812528164 1031.34516222975 857.147937384241 890.082983651145 1166.44090517238 938.225420400317 821.07329036401 922.704295311442 1064.62211833669 1014.51178141992 932.524830574003 1096.70764057212 980.770048664207 1158.61856088505 1141.18739803694 927.2493937854 1184.15891666648 1198.94406993756 1241.67078221417 1008.72752108625 938.268162606623 826.448136173224 936.242239461257 1090.20826885643 923.336136944647 862.366490242102 1174.26885303994 1195.3029528308 958.818650826897 958.258255241712 977.753582623232 957.588610356375 990.548757846169 954.300595628852 936.128566623894 959.044351654704
1130.83478152137 1158.97799232694 1084.19450549765 1026.03417498129 1001.16109908246 963.819366900709 949.17310461722 1159.10980602157 920.045816415732 1058.89448612513 883.680920567786 1062.86369321608 1026.39448929041 921.200042975146 1016.09616541026 879.23277933224 844.605666585028 1236.30545048913 934.868385304638 851.321608614083 994.246202026882 775.732509932686 1042.43463239402 1068.97826931418 1099.17101619844 717.985842875195 830.727091482558 1176.9922997964 980.298913045455 852.215339908919 816.521239497277 1081.24986207058 999.129346797143 969.314560877993 1070.00792479904 1051.95217963083 976.685537744446 960.977539073737 1209.62118008665 1113.23347696737 989.957819488552 1266.36183682677 1072.01671236609 1001.25567438461 901.135581236809 1054.58473966316
987.44441394343 987.213935002914 825.130392891246 944.28582549739 901.30875388545 955.866161625206 1006.16863079019 884.713450806162 820.501213275804 1193.27451017606 996.415265467831 875.058141055139 1114.95516441717 1012.57274159271 1041.79189160442 1006.89363184069 936.231365513442 1109.20466241843 888.015496865086 1019.40814973778 876.240629963866 958.100045093566 911.178000370715 992.706179893051 798.902225468492 1023.63004042436 998.694499867815 1108.4586872825 999.909025759079 1018.20337740082 766.02205706794 943.68013066539 970.245303115502 1071.38470118797 1061.60191460122 1021.30402673884 933.200866976748 1007.14153297266 983.255191386991 829.006403095152 1055.12451968695 936.629053215766 1018.01484483726 1036.68926333595 941.485758293655 953.908139832977
901.626642182187 1203.05352032315 1197.73701661099 924.150969512583 1002.02292211846 929.298834132849 1071.77962685271 1035.81221824742 1097.59609893054 1085.19485483326 1174.65902546291 977.452071010178 855.252956161049 1085.42186781481 977.434255416064 1100.78878907329 893.364174198792 994.721091388345 1019.37232169097 939.398922735805 976.689437015448 1099.49629718196 1147.47181930808 1092.55708148102 1071.44137483437 1095.12764180843 997.415667410733 1013.82566806778 1090.39988072811 1052.73552752357 974.899022784756 845.489647180389 939.672125804425 1091.04741642502 851.92467801759 1045.33553007887 1114.69213577596 1061.55905712257 941.191414816887 1114.87308316382 1027.79977830394 950.967636035893 1013.21143409029 843.647353248816 1053.94526551105 862.151851017508
1071.32546104532 872.871057571673 1098.69140704719 784.578274111747 1033.86173904724 1025.30779437175 1102.73668546989 961.171164042469 984.357624703596 942.97853037974 983.701283040527 898.379300990934 1027.57413079789 816.018990960128 981.796881908293 781.375557342923 983.756218134748 1143.95868849829 1065.30989567183 1190.51686733519 1027.01913269665 1050.03029717271 855.67838137725 895.914382057093 1073.66413221345 999.907824484932 852.543393054987 1021.49705422335 1037.10926622057 961.13657636785 950.197191937658 1121.57855290222 947.256205881562 1007.95932567754 1046.81580547037 978.220332562271 1108.57884235438 991.677077979079 1005.39828008577 925.862803776625 980.677445399091 1188.26623792824 1176.98078393165 1109.4887850176 983.11784728642 1116.4475948078
1043.8280705353 1035.23823809213 997.009509340087 1008.93553405961 896.67264887284 1098.46188617637 909.346634404338 1023.5136263115 1116.69294064479 880.242964294115 1109.95735572113 891.84083259342 967.449315123546 1082.30203356017 1128.56571700019 999.450264174748 996.57673345234 1140.24751029086 944.114057598912 1094.22088723319 1030.13722762525 1055.05589303185 1000.4867012257 965.395121288691 915.326577568922 1047.38533546038 1073.14688375851 1040.46896571322 995.011135773232 1077.38559445557 991.238875631815 952.200161379197 940.143418762015 1083.3277859345 847.680763745442 1099.54504434092 951.22824955364 888.772487301152 1013.44925254875 1008.4535376893 977.383510998592 1024.69461719118 1052.7764474226 1093.35030023912 1001.79670651724 931.367807494249
1084.04301991822 868.671562114834 1110.30972126685 917.073904093876 1230.55431151211 1024.69282966746 903.945827560192 1153.38505012522 1215.56433895258 1025.26882326134 1117.32290311324 1083.66241473918 1128.4306797003 920.82211798481 1131.51171446266 1129.98768767109 933.311354801782 864.102946222023 978.959953855014 1036.64346949107 1230.76283581462 1042.01790197054 1019.89283254981 880.741279666518 887.196856567198 1122.23617645519 1051.58944799753 963.968242112084 1042.80589970459 1050.67918355787 1079.80458907498 1053.08972120276 1081.39693101969 1104.8615724056 878.010053916989 971.827861329768 1099.94613098181 1009.25218175495 1102.98829935208 1168.83940869951 1078.63901479013 1084.42582682799 1048.92408193521 1057.84189786239 1149.27707711854 1078.56318320606
1042.53376682021 1025.65963921264 991.115230965068 1074.92350698624 994.007894492094 1003.71569889557 1096.71795829325 1017.51887974614 1166.25030526991 853.656177542032 972.018132702064 1067.74224978854 992.94189258212 1061.97970425097 778.355004003809 1075.97022938648 1104.67980331929 883.652961928843 948.974231821177 894.071318428451 847.276259602985 1163.179675314 925.013595496295 1078.83156419898 1002.26162283558 871.250969627343 863.481278465998 971.211571019137 996.527609611833 1055.99874470839 1098.39894653021 1116.68203357552 1118.19490233736 786.944430805253 846.172870797426 1055.09640686034 931.456296737456 1003.06405215452 1025.54043445127 904.619880064214 983.07429905915 1106.16847268038 1061.60431492541 1032.71601978506 902.792357368554 1080.19252342266
884.215741283958 949.115394591507 1035.63756842432 1122.66370853146 1075.51387410099 1114.89401710974 1015.55330118529 990.099059421445 1047.6371968754 988.896576006358 970.639124185639 975.520600702006 965.855619554626 1114.05787044442 1049.01109127022 1141.19595301133 684.150030349525 990.912625501553 1108.75507942612 999.993584685886 933.227509329287 940.339249537017 996.857633363869 917.534475954871 1123.28823950077 943.573763946177 1085.68799879729 921.167937228915 960.444152892655 909.490692283704 1089.15961905693 881.577526712054 909.83928749717 878.575508673911 1052.94218608295 1098.02863216708 1034.0584936991 1083.5995348106 1079.79505769693 965.822108419996 1050.6646112251 1022.59583375309 919.145637933422 792.664927500436 1051.67336197529 1040.37500473312
1063.83372233825 1007.04422673046 933.02600311998 921.921846244925 928.338138527811 911.760833232035 1053.10038915405 901.592671947688 980.067640258745 1012.3766573801 1117.87229491486 1064.25299867977 842.820971225899 840.995700246695 963.328906828611 1014.50905900352 1031.86916774757 1120.05499508901 878.715509038678 1044.24268128399 973.529768679099 1187.59880891573 939.859717009866 923.614950983366 890.134414430759 1156.09474894011 737.088839346766 1025.10978119061 990.929473957549 1053.35564980645 1119.29268849133 913.467678818099 1047.46017594125 1294.5159935182 932.601901355195 1214.38466763384 1135.99095458822 879.083749922841 1139.63060623346 1183.4509197213 790.440625529053 993.147269931008 1100.34168401485 1114.20352894586 1035.44440304527 896.088246242153
1046.94243104225 1008.26330079694 1022.04892107326 1129.57782531699 1110.81466969985 1042.40975605704 939.812985449552 1113.97883589136 1202.26399243447 1007.42303599002 862.692265379193 997.324701109531 882.707578838973 1040.20606718358 1122.55563215159 965.473832157711 1084.94426552715 1136.12476098523 1198.3691726696 1077.78918327964 914.102955375819 1015.34568256643 889.228964846239 982.105584657979 1216.33330886926 1083.10325306424 1116.9768351175 1140.91959138993 919.822946628758 1065.4998587789 1031.29030388182 907.396574282175 1041.55306299748 956.102906605355 923.876544367332 914.359758165932 998.327005519867 973.37839800378 989.923067054164 1029.23522416838 904.142730445226 887.623798127382 1072.27759875662 978.96922021778 1048.05118443769 950.37087850924
1058.65219415887 1050.82936684188 941.17658448036 979.237237651956 1190.92539559739 1064.74860802258 1052.21286003519 937.746125193255 1015.48333409953 1087.08774748774 1066.87928288658 1027.67552108252 1198.23309476983 1073.98048221222 810.86285334562 1059.97693998095 844.50398947342 931.873717200269 989.865426451893 1178.65854722789 1228.60079139785 1094.38496213111 1223.0632927409 1032.7716772903 836.768132451337 1028.13398402293 860.437204312513 996.262829379952 1150.75276098852 883.736303308846 1112.85913881712 961.301629463141 913.397507141685 1113.49106646585 945.111503898191 978.423349987936 901.236082843334 968.997239430943 1037.25980273525 1054.82150572965 985.038156786516 1011.90668781535 953.761030089668 1129.56337124846 1132.74115021147 978.434096803152
1027.13123185121 1137.4765846337 965.503472840407 899.359257462045 1067.95846577898 1160.27378821454 1054.38763146669 1215.75514417098 826.638325914721 881.358490793763 914.383310193694 1173.64375769122 975.54561793672 1039.73786386946 908.729007582857 963.098151025992 1126.43055038529 894.393957027678 848.17199194792 1003.57804532237 1069.32278273188 1157.53025149866 982.59187678828 1023.64292420938 976.616592231079 989.370548485318 1022.1204578836 979.446592610514 1060.20058141542 1043.80521041524 1032.39271288283 755.561517026685 993.660981656422 900.92904314173 1014.66786165057 965.83837335174 832.190525022266 884.102406645252 1078.99004874234 1011.04134993165 969.029348559479 1034.44316229888 1102.4066582646 1247.08562574319 927.099476177473 861.543668425275
1016.15359540005 1046.7510515958 924.609633687677 967.570050703862 940.834795273013 1087.43571476968 1008.37179078767 946.804334175194 1116.75330718831 936.677756035383 1023.45628893671 1269.57758275098 744.740567918575 852.768502585286 1002.36280264332 1076.38638680989 1104.41398359765 1107.6593221658 1007.73327152473 1061.98775283803 1144.50969677477 1111.36322655931 1012.49003877666 1349.27439880827 942.21617903123 887.748105165905 1203.85862417711 1049.22784853271 835.552455882863 972.357093964213 876.915260200448 1142.77754028896 958.669667234886 1050.65507400954 972.282709010586 982.443714921779 1110.60745901916 1076.75144024421 854.392137414808 1097.75673674241 997.445575090423 1007.2693530012 1079.66296863041 928.914185121944 945.984166860069 1050.49276952806
857.537978005507 940.096696154715 871.68623210655 954.541541543538 1034.24794722268 1036.80248226242 1078.97922830454 1048.18123931774 1015.55862033902 1090.87557403259 819.081578825008 984.653551719449 1053.16905652053 1023.63603004847 990.150718027778 1000.13732260583 1140.78626983587 1139.88973015024 1037.45916859536 1100.48723387254 912.288701859263 1042.34855517242 881.240404251025 1010.58615231368 973.078351395016 1051.51520483799 974.868148308963 1186.51742688603 979.463579339372 838.9929234803 897.164137675554 1018.83155032721 1109.74216732138 1106.72661718355 956.54191676842 1082.88212223394 958.225439125288 1073.23673420779 1058.88714416452 986.986225920289 1068.74412877579 1045.45690864559 1096.46308084986 1046.33587792483 1103.86723371579 1014.44246132538
1100.00134219571 938.600582238786 882.202075666178 973.824067702741 944.461510558642 754.10675153839 918.403241598961 951.510279966172 928.308854807446 957.819999343245 785.30981265573 1006.79980457738 1035.32711317822 932.286023071839 1109.23450278722 1130.99910560507 1041.8442043673 1154.62494702396 1060.57149819595 938.847611906932 878.216997780415 1020.63540651961 917.740164632717 884.915599550831 1050.09697221266 1020.78490897534 790.41018625164 1105.10222640553 1164.5799569094 1027.3567199746 923.731310334373 1036.51142115354 1118.58742957012 1034.59244863338 1224.7258818398 974.991464206862 962.752686485567 937.519065142611 997.754860844196 869.585536624411 926.984261296915 1036.51961586467 915.293744567738 1087.59785479249 1039.6487565268 960.061507034367
