dev/cost_rast.asc
NCOLS 100 
NROWS 100 
XLLCORNER 0 
YLLCORNER 0 
CELLSIZE 0.01 
NODATA_value -9999 
[rows 0 to 19 of 100, columns 46 to 91 of 100]
1109.80593029198 1070.63338394194 1052.32645605274 1123.29412211401 1154.90746901123 1047.83615094575 868.164198125418 1087.2864817552 1203.33274946382 964.135716256866 1060.88282973488 1037.99721759148 968.548320857798 995.597293887204 1201.16923295542 942.507638079047 1020.48289917201 957.529549043771 1034.22049030185 1059.65680101935 957.916300661684 1164.36396491594 999.625454352961 1054.77131194785 938.852862043 1236.03711101301 1061.9704023147 1153.90404086649 943.685186927345 955.595883038819 1097.31374280663 891.162306939097 983.723938970448 893.252546334645 1036.75530211687 930.707260144713 910.673987134375 935.086253485499 949.525858187085 975.384548093868 945.63784340274 1049.85220376851 860.075691928164 1173.37875125743 896.44784852941 912.589997952778
934.199057031259 990.924247816557 1072.64392431873 942.457935740475 1173.21059550978 875.107085011143 976.707591996195 752.686435208054 1061.14517780136 1159.39910391567 1144.64890744239 975.72330598126 1025.48159266284 1006.61184301658 1068.83720638172 1172.45492424846 868.041051546693 1064.50303672619 918.312459231783 948.530700960796 894.094325418068 985.672937515886 1127.11411037637 938.021056206991 1113.76617347163 1034.81315956423 903.846619184327 995.210479606286 849.897329856374 1145.33212551964 863.819041193735 1095.13475391605 909.944728274295 1135.61112407903 1179.96575466164 998.465323726363 700.507344778928 876.957452407179 862.072028149046 892.679713261078 924.245996615708 953.007099007859 990.957037066432 1045.28520129077 1055.21231494744 998.441040741634
1005.16186841402 1005.23203616537 921.151154697708 1088.12215466052 1158.65139998595 886.258206348864 1023.1675022986 1053.07064181321 1016.51440500804 950.586902321499 1112.30651489644 988.389419361422 1132.76506235089 1037.2204986115 845.626700396455 991.878696273776 1194.31093465351 1014.77274288317 715.666381203965 868.48064397062 1114.54081442821 1119.47219935592 798.415452738206 1108.23881835443 842.133467637798 1061.24331164817 1012.13602348293 853.877566297802 1053.48717007968 949.69778481771 900.816986411488 1051.13706333118 958.362497100697 1110.8029253379 811.670942420344 877.200950098693 1013.86087327893 1155.29432189307 1064.59109503002 871.903577100717 1157.81440990117 894.722342833274 1002.05053204371 754.110157512846 937.012909332341 1055.34208053724
1114.57419345948 1016.8453989855 974.167766360444 1013.79080709633 995.039446013235 987.801207801765 1073.00663093383 921.221786471124 1009.5330984619 1098.37773026233 1051.30100354141 831.712638857307 1133.64694673272 933.693172243206 1035.84970814372 1048.76211701214 1045.73269395377 1058.46150096387 990.700137574773 823.158082757155 1155.27013550959 1094.46436602715 1030.67422736968 933.814487156555 832.015590385554 1012.82714572381 950.922093034722 1034.33321012542 991.603957367095 1085.7834319375 947.401752610507 962.135831233437 937.135495338713 968.680268807004 1183.84702663498 1006.1176440813 985.516003404564 1122.41353629018 981.582340828491 871.543982480116 774.522497802315 1167.64066174817 896.980115386114 1189.77528683495 992.662230240972 1197.23432227059
1054.12648724803 883.806638280238 828.680639585615 1041.50377037953 878.642903611389 950.902390415575 1111.44599257098 1044.40259471846 1052.12909930434 1096.18243032161 781.529398602535 1074.01733056222 958.774642386201 1185.25473618018 827.290440777719 845.661765333417 1024.98879016578 1031.12584828 896.106898741198 952.504328737844 1083.21498810238 808.693788231913 1073.28944193166 1146.51029625055 837.715312662713 822.343500187108 1111.44378651535 1116.81299122735 1068.04673214712 921.352922489975 982.780028505932 995.393989740119 1006.6051599113 828.813564316462 882.917670958957 1042.12295898006 1029.95330387124 1090.53437422339 1022.30948793303 1033.19586572689 946.006266377743 1050.10367631526 942.080059735263 1058.42900427699 1048.47135812763 1072.30571538886
1149.11258159234 1037.99563458331 812.609918644836 1120.08946882341 1083.58191170234 1065.77199637785 979.644836870611 1186.23939260991 1215.48196715874 998.558182390692 924.479752450686 936.848742276489 1138.74257671858 875.404757972064 1039.57784222225 1027.41292494382 968.912266601604 964.409330579493 986.499049971517 1045.75564101794 1059.8246245925 870.194118372295 1006.32414349792 836.52874767038 1042.49850643067 835.086900605786 992.657323203793 967.008566352419 898.819010935669 996.904334578699 1082.94908920645 900.847942491639 741.18913711329 1084.65700305928 992.03902391225 931.335146020764 1056.90204809948 969.297977008656 1099.8206385994 1032.23216275901 795.42983272524 1115.56479670001 999.347957293458 1090.15848714676 1196.42661371688 1048.38495025426
1124.19998235097 1006.86244668111 886.532256825119 928.118432847256 1010.67708125168 1126.46583182272 962.024920871279 905.470339053877 953.295306572265 1011.2846106691 959.824428323954 1042.46476610394 989.902330124972 817.672760897554 1000.08811926368 958.008049928802 894.685732821024 923.676244145395 896.119799734003 1187.87000466922 1256.08045541139 1093.92792113613 1035.16802583668 1122.75477297974 880.247847771373 985.623745741828 891.293188866975 1082.83861816976 1008.68267238312 943.945408733577 811.773088218522 910.206156620728 1114.49717822049 1052.00941076105 1028.19949434795 981.16125143964 949.081635779171 995.278162916843 1135.11766067439 1051.83466141597 1017.65142827445 887.107627623107 962.189959398634 1029.45328628912 1039.19177926844 887.401864651463
996.791432585479 1085.94670424461 937.891207136663 887.32531668126 994.230321564784 907.449524061764 876.409722276231 947.188365315842 837.224981278405 1151.14767819103 801.154377426775 1031.34199303504 906.018819762321 1042.00211563978 920.983286481758 1042.73342576127 989.556123605183 1070.81362196431 1073.45094248901 1133.81969869433 880.899411433196 1010.31649003422 1203.9544995367 919.475817048321 943.269809390767 1056.07510673131 1092.58893821439 885.073358965446 1232.39856811515 964.453482992822 999.657640098218 1125.28335930898 982.945864724655 1006.48812243412 1120.9597427212 839.221142559831 888.584767469878 972.383886889535 1028.02436286115 880.261206742009 911.878833880635 1127.78674780065 1051.77727731722 940.101826815522 919.918175212148 872.562661013343
1139.80549803498 1001.18969544028 977.430840126745 1085.81508995192 1102.54694246554 982.882123992928 1220.77558051499 845.968051341759 1055.99626116242 1143.55305543884 1002.31727055531 1065.03878776157 1056.23470694515 1052.03552901712 1019.01956899368 1072.1996034527 1067.48752682878 1094.40284178236 959.27433488224 987.589676595882 1076.44445022344 1036.67109476001 901.274830258914 1059.14333354873 960.453554685354 993.094998439843 953.768690625816 986.582163709511 1009.96900256166 1093.0662429258 1000.51077403925 1039.98810314593 1163.52877339452 1050.87742621639 945.656170033712 865.597293384454 1012.25591513059 1092.54772480876 1061.35221564833 1044.06704106 921.495329731864 1103.69964205624 978.064239278963 923.481148988591 1156.52963340063 974.403382607464
1143.24203687578 990.308652173843 1136.76802504303 995.172808080351 920.382727697278 1123.90897426192 1141.93905820611 1076.06150974941 1037.31540572525 954.072284665556 1027.86969198649 941.070589120436 1040.31508449265 1033.31454975485 971.435429193683 778.633952341552 994.89360048523 1021.30333441551 845.170780613783 1072.91811904615 1051.42416747708 1173.45195895223 1104.28540171566 1005.90867320949 1076.13187583639 1225.71588073958 1166.83026663674 1023.50048339852 1184.24960912482 1042.63387115908 983.332857078893 1019.7350977008 829.699739586879 1007.25414609773 1028.70100155723 1092.1519937499 964.170677521068 1089.72553005506 1056.16843220677 1097.32121766877 1000.97991935297 1050.806864553 1100.76689255069 839.400666905894 1044.23382398438 1088.28609107362
1098.30732350693 1000.16809910268 971.037540262201 823.902241459183 1063.82542958432 950.066383485517 956.856189320952 928.58600546555 1010.89178752391 921.366487052417 983.818418569691 957.295227930451 1111.08486085221 837.10717540382 1098.24479045612 1130.39081707879 988.325344769112 1140.14328099746 1018.13634932529 1006.82813883976 932.015616343306 1240.52741188112 1049.4986037903 914.614260062854 1215.97452373389 1134.01993708261 1008.62551878603 1009.13152612072 1093.26613764188 911.711000363453 974.854724396307 1183.48631833923 1117.69913766615 1072.88690241656 1085.96878329277 999.976874286595 945.28270244867 1037.25371686993 1152.07469718466 883.311090500518 1170.98678936764 1017.76074592711 1006.55289562834 1172.1246066244 951.246428221848 1025.92687485436
1043.92007384428 936.685482092155 1097.86880885356 1088.1861073191 947.491420901862 1153.606347521 898.797007525775 885.444757483325 962.375520661127 1066.30416074646 1112.54912659004 868.79020564461 867.632826040677 925.14234936763 904.279206093302 950.167846185905 839.414657693415 909.451849957002 1151.33740209411 1081.20586809609 1034.29747185453 922.574320783641 1013.56694905416 966.61237397646 1108.55396929289 941.760108112985 998.660817136168 1003.78391986424 958.017970253441 1096.71422082482 1102.1995467384 1142.4264276863 1047.78320743808 1018.37233006651 896.456801527114 879.552033651239 987.061685567119 1015.20580108409 1084.31215339888 910.397811237069 1142.36391598013 855.617915736335 819.718562938408 848.388938692007 881.310684151085 896.617228367669
972.910510491261 940.239673836217 1179.42261654269 1030.37763346096 954.491798151076 836.837218487179 1022.72303916482 991.556449536288 925.71484658733 1150.18862360185 983.677797930431 1205.89413706199 856.933111535985 944.394101928678 1059.74611449921 972.323344648132 1017.66975326172 975.84671364629 1102.48689315903 1105.90059787553 897.790875518551 973.46572580241 1039.73618965963 952.421339992849 882.076295627753 1085.99551493433 1040.05447490633 868.239694935047 1009.25892316031 911.89481956228 1068.98557456769 976.466735752939 1056.16972555167 913.357300086106 1027.80696779297 965.190488502661 1193.26911982347 931.589131408127 1035.1015025516 995.957255880432 943.69773311712 949.835548872011 1005.81195254831 942.432524393307 1127.28449645535 819.661019623328
886.203368452866 987.639625100971 1046.92495222142 1205.60742261016 991.98159305961 1058.88322485409 1070.93972384727 1105.96318799561 877.212659062308 1091.42745965679 1119.83254823567 1204.44832156157 894.913385734564 964.479044591902 906.954389554592 1155.72526154483 905.833401120658 898.263445443987 1228.14519696578 1173.71535028438 1056.26102223839 749.331131648298 974.665432198155 983.507661752064 1178.88621524967 974.654076799633 1008.49347143502 859.556981479908 838.149874380843 1172.59623353076 947.8164276446 916.616893053814 1096.32765634286 1151.06268483936 1077.99161327436 1024.72936680667 912.437933578774 918.49452761292 1124.05638880298 1035.0769696499 1113.7440442157 950.509599915681 1119.49873094253 984.757072555392 1015.90983216882 1033.76871387863
941.137112908909 1039.42530845824 1086.4766171621 1054.27147562278 1038.99497465225 1072.49950391277 884.752272752947 1163.36294765369 975.32727245772 1064.54695767393 876.055540712518 1053.73627091371 1003.4312608718 1006.47690043009 786.045978384308 1172.05978568436 1075.16404957952 738.468423207536 1060.55050735993 878.104139381665 898.429725380488 1103.35817058447 970.338523912458 848.969581655679 1035.50648839855 1039.54613808719 831.710231609307 829.604969822453 908.353388187315 887.316527615945 1050.07810023005 816.423087683756 1054.71169443883 1140.4434651 862.467714506749 1137.3526105789 993.096356755815 998.419363819562 974.839715751147 875.325400239205 1007.97387167178 977.16335384923 1126.47931683122 879.499779754038 996.890971651915 1082.58717821757
1031.59282850776 982.376819263966 1138.08216546249 1027.29937848296 942.856350165733 980.476757926286 1092.9012321723 1029.86300146402 1041.51872079987 792.344179764575 1047.23451527687 1060.44335137243 951.226113534544 1171.96768573152 1014.62247393034 1114.07365426009 1127.69154328594 970.801956026877 859.899553657286 834.257757024244 724.073106049955 925.928039954854 909.586808135891 748.372241917891 978.699975939272 1028.85600636949 928.055080011106 1149.33652308551 891.885546458915 1113.87055845418 841.312868682751 993.734398738632 1022.15383021728 1047.91272428635 1100.71406393067 967.882390649068 1046.64518569015 1065.02808443723 930.929232163092 957.898733012694 973.812932360042 893.24754424598 840.051535309566 901.354342705619 871.690656507354 1119.48168982455
987.516534001972 972.469018589074 908.570015221473 978.344045805149 1208.02996790259 933.836259356797 944.658430496005 832.874409904767 1027.82352700939 835.539655036998 1060.52598392422 1174.91389367412 958.050080411868 956.075485236568 954.651065185688 939.576333486659 829.738127935023 1085.84404578516 1021.99477828618 719.764726010594 1159.08419828386 1081.35429274945 1002.53605052454 965.145025469057 996.368147083541 1022.2271801816 1098.13239870062 1013.65506598307 1012.0937455294 1013.05287736172 1189.74684493603 825.485941844527 966.706715030259 1080.26378753361 855.947939979121 1081.45586865547 913.591676708926 861.083149670566 950.161125339816 977.463776462463 900.401612899147 1024.2278970242 1020.60621283676 1024.88514889404 1062.69785635066 862.658112990379
1116.47976082242 988.052140235162 821.123619014391 1105.03928973572 952.376157919481 1035.76876263763 1000.69816295017 1036.26493545511 993.971121348319 928.255780057759 981.137665944002 974.332593673821 1012.0692764708 783.653450498959 1014.56189601774 1168.15987837547 862.18772353131 806.150362443357 927.447030399832 1092.61947786608 847.257407979539 1062.12211684577 1206.26496410213 908.374907455674 937.081894463694 1001.10747831283 940.49587460525 867.845788579457 929.255676883194 977.616254889906 857.806569985149 1195.03583391348 957.379997446274 1099.10675827511 1101.05162492453 906.335330599176 996.926283871 1000.07841129604 968.393345611295 1028.19118412206 1084.06996547716 986.502600024918 1040.12026257401 967.623031402022 938.106682846239 1084.03921085893
915.655235485535 1014.85951460242 846.092009136429 824.522798695407 872.289182924026 994.062430793526 960.226756980853 834.185763710505 930.317839911409 966.253789204847 1019.52461849039 959.758140140867 1071.00980039787 921.877227005399 828.992509139489 1053.77950280965 816.179100365579 989.271203700828 993.307602624224 1140.8847408742 822.442787198774 988.729500062159 1016.01035788933 924.997701237278 910.241230971552 1073.38877983189 1101.45186931795 1036.73304961928 1005.98201667407 988.344759532874 1042.46089688023 958.083699841662 957.309592910463 991.311587907978 1074.24656465948 953.216138230784 834.808686009798 1084.55564427005 910.882659169825 977.064337230291 943.006455584315 1134.49509132389 1109.75723404652 883.646857934742 979.411593411443 986.38249534422
861.215238096291 1075.84734789087 942.904424011751 937.694686545642 836.388194139077 1202.6086863844 1141.1165249111 1140.85115396406 1026.10776963339 1169.95103961498 1123.32821792174 1056.08009199919 1022.31533628781 1027.56348132582 994.530077328095 914.19886211211 1129.08002171541 952.465649345127 1040.15796112667 1132.3476920043 1043.62027148586 982.518880262243 1070.55980171294 864.677869792077 989.493337127293 1170.98413336084 932.50874570876 935.445828752705 1018.16370258483 942.741002782642 1013.48848296089 929.818107740899 1022.48475704594 986.911023635727 1100.56865849486 890.827715953216 923.040696562388 947.260777063725 1131.67067290475 1033.55830051988 829.553228553969 1152.68055655066 1006.08375977706 879.906599358978 998.590404083551 1087.5287581012
