dev/cost_rast.asc
NCOLS 100 
NROWS 100 
XLLCORNER 0 
YLLCORNER 0 
CELLSIZE 0.01 
NODATA_value -9999 
[rows 40 to 59 of 100, columns 0 to 45 of 100]
923.961504960409 1157.83850733206 928.638525614523 1043.03774799278 1072.15674036591 1029.31870503623 728.246409709555 1249.08748171629 976.625810017541 925.79853909625 927.984795228551 1198.59337129359 1066.74126205513 1000.07605449721 1006.05506432364 1136.21244612517 970.736068422419 1053.80616485404 1020.81317283771 1030.31142544363 989.437762643826 986.692809476034 948.901319711105 1205.6704218998 1093.92503265624 1099.29249805841 984.984257430665 947.009748994807 944.514738258651 1168.62311348445 1036.40439416213 1074.3863288141 987.256143091141 1022.6970390319 859.167238702115 1023.2830598782 1017.71091127307 1049.13463508892 1133.01244724558 1028.86213882718 1035.16467451758 923.706135695616 861.236918524726 1079.7894953145 761.448210026903 1177.07463591986
920.488542036747 988.02539227222 929.636063540639 909.440777415375 1030.99666893659 1107.23622960327 1104.49126772519 625.772454652165 939.627043364343 961.285681885204 1002.40169750561 949.328092147253 986.681501249711 897.340549919911 919.241607225913 849.139556072048 999.850143678662 874.567745598946 1052.75615351324 1082.6399517406 897.040677241987 1154.28485234149 990.224980649089 926.696840010612 894.101575956575 1121.74892285181 1086.68887791407 1052.2986072958 876.008876536714 1139.236988023 928.494808054341 918.027971827336 1201.4975487533 1022.60062358486 786.131574077286 971.882873748739 1080.66530954365 1011.28246037783 1024.2831439585 1056.99774770381 881.376957000924 1055.75034686072 1023.04895654213 1015.26243705688 1156.75633135306 1029.51987760204
1074.83685447279 912.295513876771 836.460746782527 927.418044147343 1045.84761542037 844.159837597977 1106.54762545872 939.874209197208 965.735004499772 1065.64670820657 1066.3704576021 754.283172549412 890.321051112984 920.193122919713 870.321688924916 973.044061579106 957.905984099542 1049.1749733099 883.452391199394 1208.38250946065 975.01397267095 1092.07579221777 1078.91830039825 1021.4529826118 1012.06921715098 1051.0012109154 929.759563582276 1095.0382627832 861.935051166306 897.627211279429 1032.97215206461 976.007930285057 1148.87742043227 1064.4594683616 935.116369357364 1115.3241664002 1083.0791520162 1120.72933623728 971.183667559622 997.007857798099 1041.96886462487 967.978004236412 945.249713672194 1134.7624330194 932.585642067217 955.079552510327
867.212900862449 964.665830807531 881.535708506469 905.906744599247 1104.23093044584 1004.19519189623 955.695558260677 971.991244554721 1092.66222827274 1066.48343827488 897.949989513966 895.305664082086 1074.72306324072 1062.87444636102 1001.50013568787 937.707267130502 779.561272619279 1067.48966819321 1202.14195229952 959.124347703121 1018.1436603493 948.777106517471 1220.45928079735 901.621342441891 1035.09495004079 908.130596435904 1082.08963487424 999.253776395927 1104.44814862185 1078.79348181587 1236.0246126803 1037.06147025276 1072.282012024 1076.66480003913 940.456950940918 846.84376802886 915.391255540024 1055.43959104808 874.053430808653 1215.30086219285 1070.12012554286 1019.60440951673 902.060186239996 898.466401253111 1038.76388836357 951.984102265895
967.098199184088 1202.57646039114 800.620539525377 891.267368110069 1062.63164250932 1209.59744463625 957.020217450457 950.214617439076 1085.77674293942 911.191405669662 1012.72892122004 901.932280298915 984.762352189003 1305.13733016935 985.395781903579 859.688406051029 927.950021042631 932.751012112198 966.385584762784 992.414364586987 1014.59716704832 962.827069670615 1330.71729697724 1077.60028465614 791.552688333783 956.522686286315 1102.32306386995 1020.1772165085 1069.48225101253 1051.22045985179 1187.65603064228 1019.22146503582 831.413563752794 1180.61146117535 934.386088548461 1013.82908961792 994.676708386678 1020.98185176809 1005.40985319645 1008.90864049095 903.011569762952 1075.24495700754 957.562997318988 912.631657814469 986.245081610504 1015.79258710792
835.106586055497 927.472296773705 1174.20887748443 1191.1886817682 1086.80935559247 886.711424227173 1096.24167089214 1028.46703315141 781.13049076319 848.64328396555 899.237120809616 990.858768505345 948.602337023103 924.35434948888 953.93061008041 969.367635896842 811.047953777084 976.129231489919 965.140621244418 1028.75808180549 1089.86310237952 1090.12056627796 1142.81409666255 1028.34145026458 834.427767053594 1059.67604215829 988.446280538189 1117.52728702803 1009.58894703236 946.501877160936 1006.7606151209 901.400165784542 977.55326488375 1110.75040056175 1062.73961738423 1016.87304319617 1064.10346510625 1139.23870902655 1051.2649868184 1094.23035446537 1134.59564147144 1023.96669622635 888.610552221402 895.117413541169 1075.92510905329 941.486327531155
939.084115253114 1075.38799756385 845.250943333357 964.901881800812 971.657280021434 1029.06541904451 987.68735127883 1065.88646970095 828.221096024145 1209.10059295251 996.242858191473 1160.25062216034 1025.55337379675 1012.65175317471 826.919899993001 936.289835782205 1099.5207486703 876.108038855882 1018.82490009161 983.798111812194 979.547736466209 869.602927311338 1088.8822936491 985.626839682275 963.151081908894 973.452239917992 1051.89090430112 992.154603370604 1196.10614832154 1085.68440237907 874.343306291318 819.653243389607 1085.57389520076 1041.05232209295 939.011163747026 811.786737308578 1027.74813804671 985.527840444998 992.817595518045 946.212312594009 950.095293071021 895.014292705491 958.805425992134 1026.55983099815 982.099077725586 857.480041546277
1108.71384975301 967.612601758055 994.897976958806 1083.43118195912 1083.09270526658 880.203314941464 1221.19610670052 952.289060459753 1115.55869082248 1090.83490076335 1073.2563890359 1017.19386341588 1106.44460175322 949.86973078792 1033.97262673211 1080.0822547163 1035.7427946362 859.110224642325 883.52651964042 1041.31884470902 1183.61012524348 935.689267628338 1108.68753954259 992.56045747927 976.633160423023 999.7279770989 1076.36995128832 955.925447399282 973.338298859173 907.898824526783 1024.18010483317 861.969611494413 945.215059516891 973.157174906472 1029.32876765453 938.851335469787 952.314828508932 962.278583313526 929.989682762913 1213.4843188753 987.813776082837 905.006758134349 874.321398733661 963.970826664458 1191.14181672484 1159.55640974213
878.342344227825 994.683286121279 1044.4548358164 1185.86790073924 1082.47317564377 1022.28937402411 1007.52267536246 883.163031112723 962.039888865106 1105.93234237925 1020.68543835255 910.591675611318 1024.64165709097 920.692084909978 864.276536972081 1081.5986660554 950.702515877955 1049.12595175223 1167.35279191787 1148.55521314592 934.324332124976 1188.68126739736 992.069038391298 927.882579478212 1164.33932352801 958.842536744593 994.55132517953 976.983746531507 956.509575612771 907.456773150117 1091.10195706043 845.414080633786 1035.76867924674 926.648233171081 999.600943848511 979.996174675357 1079.38759343387 1137.20866191839 820.651815276539 1139.19401430658 1015.0362497951 1050.31875308771 1041.60605303458 1107.70923689978 969.941186941291 1024.89866019473
903.675296679425 913.433212277022 1036.3135956478 906.112452033582 1044.08648533354 976.047012481375 867.900599959708 1052.38884912755 1083.07742511587 1036.33390966672 1055.9330434206 1154.83791561434 1149.34762217242 898.555355821293 1101.86224605055 1044.61541564933 1044.43560696267 861.350053069883 1063.54287147941 1042.64296744287 1187.90136171812 1076.79901508039 1000.34930894978 1115.91537869681 968.046861416334 880.571343422152 1167.41851214419 989.733144674406 1166.95930601713 1040.4417425525 973.871745344882 1041.52795933822 1102.20791291005 960.331624871108 985.832595280143 1017.7047850443 1004.77199852335 1254.20883534691 907.210947891594 877.429315402679 1042.45287643573 940.345611986901 995.3119825566 1010.26765485003 823.202520647281 997.856369356279
1195.05392686618 1081.941212003 1073.33969250518 1034.06449343738 1010.71269113914 950.241022093706 887.544767258194 1045.71505496735 890.848612067451 1018.93711944236 1031.90207019901 910.803738673722 1086.76243826991 1025.6719710294 998.007080477566 997.779392747518 1049.67110702398 1012.2770830685 1236.36910909215 850.579741342541 899.043477285242 1009.20855858121 938.200690550563 891.95527026447 785.426199989493 751.063574608428 1002.8944236038 847.958246001387 1134.78281058085 963.009383201463 1137.72973114025 836.104743690273 831.304161199678 821.777397146188 987.918599450018 866.526286188775 969.472916373999 973.112501402544 1026.30182635996 1336.78390821136 904.107841142471 1011.60229400374 928.04059563659 1071.81267496805 910.170698186985 1027.95441505045
792.178456366661 885.473826295082 925.275586390242 890.629476017437 1030.72496425297 850.055791709511 898.419644461866 1045.25061861546 1066.9130378756 808.036820866778 917.195320007776 943.217396868773 965.694544251618 1074.42535995974 972.748603531889 911.553947468335 912.376753443367 886.206024689406 979.301972880043 1088.80640104044 1000.25353722324 910.209212747941 1045.4864745398 974.327883400002 1041.59761210951 1006.14828148314 1010.30256189618 880.562347666646 1069.90316685863 1147.62142113611 896.397333146772 953.205099623595 1043.43338136659 948.984655792465 1082.56483452598 919.54595029751 870.429226524961 958.585589785118 884.31237196425 1027.75487213589 999.134667748796 873.179283716411 982.404411733084 810.351985635443 865.479506273964 879.450735660762
794.357113346651 1074.43503057015 1190.55557284 938.236030384483 926.338235019963 969.792016659722 873.915216054481 986.829850499014 884.083822004902 964.275197696711 985.613721463036 964.876309052788 1113.69486298716 980.660349728161 1044.73758300704 1157.98274769246 994.142804515986 1033.88847889352 1067.36825105103 965.073010915289 1070.4833511559 1032.62717098819 1165.83654214986 1025.83646933766 1019.51017682213 941.883091473964 1051.217017299 1083.50787461598 1047.07002075903 974.684322368662 987.241169244149 1013.60062069494 967.644121873384 900.957247874259 1024.88797726357 1034.72957644227 1023.39419399584 1160.64825696071 1054.99258833737 1087.87658846976 927.418411822344 967.36470029538 1120.47250651147 957.005454272448 1030.70314102429 1031.70176154943
1025.95412547728 1005.62831033606 1149.51091510623 986.753705854418 918.642345039402 1014.88977249204 903.45601608715 1046.60329300414 851.719977156959 907.28028153351 960.959567100542 1058.11108158111 1086.2066388131 1060.99992368502 1195.71435737574 1038.99690441467 952.291482118045 1072.81870138391 1061.46732487575 1212.35017973752 1011.53104313386 832.207710484334 1157.01951363855 983.74641255235 956.48914373958 1009.53572275913 1057.43061470481 1019.80140178945 1063.82614238401 972.939216768348 1111.06307444021 1097.66681293138 1020.47206290071 1106.03371497812 1182.19008587721 928.035081728035 1031.00008259717 797.799774752115 1147.59331714727 1008.93402962401 922.969245498257 1078.92546899442 1134.77786187639 867.869942363958 1056.78118918285 1048.38847846736
938.893487142893 1137.65874745493 1031.2687336115 913.656099400758 914.845117854703 1090.20085310374 953.514334153575 949.236812991197 1041.28299064543 1021.47468288525 1088.37712486911 963.526907056777 948.724172794059 992.585167427175 995.356081167485 1140.11129469266 968.117000481321 926.483201494015 1042.68770448261 975.893898603248 1038.82653330128 1009.07875667314 1133.87149245881 1187.8986002807 1191.68431793856 748.165342562809 883.585888486748 1002.56294419824 996.831689726314 898.419257791474 940.40899790293 905.187882733665 1101.54605463021 978.104682208728 837.835522339885 806.385071754543 1083.91625760377 1035.36682459165 908.388825158423 1024.19550377167 925.202388387914 958.055226217835 755.975036644734 1034.63727325753 983.001459018805 1013.78689131974
978.163907909086 1001.54422067602 1078.40571842093 886.888525232648 1052.34276982927 1198.95360761086 1106.40194881272 1032.64733767002 930.059430833832 946.256566943147 1073.51668159008 933.616042996531 1087.83857318106 1134.46107091567 961.754922637455 1115.04126100181 1113.74803420715 1040.94878786183 1048.81093641937 982.537189157807 769.346735954779 1069.10422500174 931.040309197109 977.812710456937 1039.03334193305 958.531572829657 1032.08272855931 805.150015427876 945.510737328022 977.220555649302 921.649823408509 975.008861870489 928.343848078177 1133.45731624568 892.453550591919 1011.7826252587 1051.02450001709 881.145761817958 1015.66218248096 928.608303631389 1099.94873260662 1102.06701362766 851.930454687435 979.012275403964 1053.0710691837 1109.85340520999
952.524049635811 1055.23309115024 848.478706324313 904.862881072963 949.935486060277 1102.47859287819 925.229112323163 867.750514189274 845.067754917591 1005.34205472316 955.221524611342 1086.79842056666 898.765772379171 888.596280093927 1042.24159173845 859.281764198232 1071.04414270677 999.155766577947 1068.05944017019 826.274889604132 997.978419633946 968.345297982338 888.426246101029 974.510846692297 1023.33218500321 1125.25305801916 1078.10147202631 885.210352040961 883.988320801406 941.502005708098 1040.73507375509 1070.84155731592 840.454463232269 860.450078762125 969.968489790497 1156.22210262776 1037.06239695775 1022.768012659 1027.89164434806 966.119181375915 875.864645602665 1042.41273494253 853.62500886434 1152.5273466988 1013.6172663157 873.055343385053
1026.54433782684 896.792543192865 1078.07078142804 1038.43675584896 959.933471955929 963.764646411773 1085.08820660596 1027.2358775782 1149.11458945614 1104.60569239901 883.067208156322 1000.00833012754 1024.90486053332 1064.05333699267 1023.20343290607 1021.77909509159 984.667256290467 1093.62403071237 1180.23717516449 861.084587513936 1017.5251224993 1259.72224410314 987.918421673359 974.301883138689 1003.90409664854 1104.87119991647 1085.11170635156 1069.68118903949 1138.82114923476 1076.11330215655 1050.29015819907 1042.44298700534 889.355401808442 1042.01781310166 1074.11581161343 949.330901812368 1131.29953514723 866.231777177571 1028.49055261427 979.849764862387 902.48009698094 1052.02241239763 898.206875676818 1088.24891655892 1123.19745713915 897.727044157672
876.614985778882 1041.76062125351 832.474887770865 1115.76413454457 980.703009640589 804.600479768851 1048.67593504031 865.168002491575 1083.76386878832 1115.44969714617 1050.05712256934 1053.79993137579 990.144585764934 1030.38151438899 963.997727885908 996.430213345178 831.571637045083 859.522188573595 966.476342518332 972.256564448677 983.509911908612 1090.72712043232 952.629591782501 975.289369435909 1045.93816139503 853.136574453126 1001.04989937959 865.018635687457 988.299542835045 937.758181072964 877.490299069149 1000.57867465758 1017.8842887899 1082.79416766136 1058.99784012368 1034.03665151053 1258.33643040933 1222.97350925491 933.39985217411 1212.54160875269 1003.74379533092 970.20533443902 887.151299017217 1093.34473045794 1046.12897812192 1173.45171612386
956.058614595659 1072.3858395015 1049.18017095587 1004.01056200732 945.900971023455 1012.47027228127 1089.49103633737 982.846602384736 1145.12914273386 976.430547089926 971.630482504031 1049.11874943264 1100.07490511472 1053.49661784022 871.352533864637 1147.89299842545 1149.38281622758 1071.99690793825 924.09125160849 1102.17908626167 782.743381876112 929.578667604342 970.792497352067 875.305446195632 812.132247375055 1030.28075263989 987.154021914604 1008.31589052216 825.971792165904 915.198309129739 891.419163213223 833.229655810733 1118.45392267175 961.376670323303 1043.64308663354 1163.78580326141 930.239290270796 1040.30160628449 847.078504832137 1090.23563413287 947.585344504876 1051.76053852885 988.789839137371 1049.88452848507 1195.50390410105 1009.6289592201
