dev/cost_rast.asc
NCOLS 100 
NROWS 100 
XLLCORNER 0 
YLLCORNER 0 
CELLSIZE 0.01 
NODATA_value -9999 
[rows 60 to 79 of 100, columns 46 to 91 of 100]
1085.99272624175 893.952334952753 1093.87055274632 1041.62283426764 958.969741902758 1024.12080792062 979.21016573772 1196.6293596242 916.485003011851 1340.14606825042 983.268864459935 983.171098393921 1049.53366052287 1075.90044168483 878.225498131119 828.262560507926 1007.53535612506 982.204925067691 1109.72723561019 1130.93642357186 814.764814054932 988.082675866662 822.523022883923 933.227000520214 1001.88922134131 884.782272416711 931.202703433514 1095.18789274094 892.67909682287 1041.81207417431 917.106760825406 986.021872394968 1121.89490905349 932.816162399903 1052.40334703021 1169.32804364812 1063.57069804553 1120.84706077362 1083.79186040384 1035.47499526621 874.556647960463 1084.15575380265 998.318557485014 940.244859998599 944.251163004038 1087.632124666
1033.8024974318 1124.48853222904 913.980163971362 1029.12576067729 964.287629730593 1019.98058314514 779.605807359188 916.237637288745 1023.5349554809 1045.23087573262 895.938523150981 1093.74119591717 1119.52929912142 942.461337726623 847.423978953977 1041.80780707687 1024.12234672278 932.493221974859 1049.45199652775 1038.36045402617 859.015686862881 1012.26716253319 885.593698396657 796.91336080451 1153.97217819839 1083.95873114464 971.087077346424 1001.7194293671 1006.60417263594 891.826317661587 1078.95317639656 938.160597942899 976.5221896007 908.437851066354 1032.10488637062 805.343160773299 1025.78809418181 929.087145620084 1072.85681196141 922.283591514762 1137.39641474139 929.402695391368 1157.37665128092 918.688634241822 989.994212772922 899.553408186157
961.718506194404 1008.04285543286 1001.10241752261 1066.71272587037 1008.83908700499 1020.0561238635 711.754636620183 992.911752804964 1162.64477484576 1067.42056123909 965.500496325423 1005.36087235996 884.049341292747 1023.34121674059 984.819878135102 920.32996065664 1108.90582638694 1051.14636351584 914.84155697273 1096.69088083402 1034.24572914099 1108.64866075751 1003.44600555401 1032.3270440713 990.367721240798 953.19010637519 952.923486458658 1024.1790454436 955.842159398782 1039.27807729125 1002.07393525995 1016.76046496461 1146.83157596861 911.923728364573 749.254566369676 880.412458012082 1082.99751918247 869.124130410641 961.833981201061 1167.32553691977 1016.25403621193 965.0307257649 1169.32505214586 925.816715360483 1010.73147734478 997.809306202438
1257.56000988505 1077.8137148415 1124.79234581685 939.284301813532 835.488020173102 1022.72545584857 1151.54380168411 1115.5813042303 890.912144327105 897.906828495022 961.626215089908 1184.46583105715 1014.16398561349 936.103577824324 1055.56803703133 1026.47473710919 940.634167957185 955.357866153983 964.43801107803 1008.35661434963 886.658949256577 1081.3207362935 1231.95079422564 964.434459133208 1091.64058423042 1211.37166358539 958.493250105739 1075.0965882933 990.805318517406 966.293509720812 984.738013810302 1135.36214377242 1139.91975800695 1044.33095669444 998.805229974091 1121.15171117461 908.228211970497 1081.5305434581 873.120657550248 1003.76325900267 1098.3944999991 1066.34092994932 1004.04204839714 1017.15173878417 1003.82415603134 1113.79819194469
1028.03732424109 1010.26586237071 890.819937400564 914.811888446799 1173.44748286441 1069.42209482259 1070.96333510244 864.405753115711 1007.81358735442 901.008037750981 877.084416069587 995.871775619039 1087.90545323549 1104.75535273441 1097.52429735462 981.962836430337 1109.79925929294 1038.37782295482 922.058478888147 772.667513931422 880.169575436229 1014.27701736183 1016.97641688293 931.583751538275 1070.01804125961 1004.9749261301 960.137366024148 964.632732324703 930.124366192212 1103.43833894122 879.997803325529 962.593707976782 1104.56060002301 897.836299860989 933.781482027174 868.39469830239 978.41097279145 804.757815781766 1053.2841016315 847.002855669131 1097.71803887804 800.757514372342 1184.89013294346 1045.85053179166 921.654586478162 953.710653350129
1111.82941909939 1068.3836057145 968.915389605014 1022.32504604708 1039.7443526762 1010.78204217112 1080.08637634692 1084.80994182154 1176.91178480481 889.85201679562 921.81730969694 1030.30200799338 995.644526067939 920.236787809584 1092.89852650972 868.765152959366 1052.70822151531 1047.8196727208 1105.26282345719 1044.19525168666 921.319956979435 1055.24310293943 898.70429950631 1192.90604475434 942.407348968763 1075.21416365765 989.254624398595 970.586822197203 959.34192278743 1122.91294700157 954.056888098028 968.06305028752 813.096613068572 1002.68945818518 1237.13417874432 1032.96777705104 935.912736293067 1054.29270440149 1052.01673206228 1093.52107511854 800.510102832234 1252.29138176953 890.858381724993 1109.75993165175 1131.12456587454 1119.38680314304
1128.5912921346 1241.89193914549 1030.88094490778 1198.80214840676 1013.00594210526 1013.97339232607 1042.40268910029 894.330530943186 885.490205673205 902.699958649371 901.647584045425 1080.11275032347 1118.00173055064 1016.16250631331 1139.97690664107 960.825647728952 830.612536388801 918.720645267246 1207.09287995835 1010.115224579 1081.62410383468 1054.48010149507 1030.60677376675 974.087413400197 1165.63250418373 1236.3680410342 877.536548916105 971.207423134222 900.75793391057 1016.21264071354 875.891316769714 840.718542003064 962.892794927464 1160.8315201833 971.589637009417 965.380495495188 1020.74600569322 1058.80263525603 1228.64553845744 1067.52096721905 969.352108235622 1027.14182108008 879.616508170943 906.957759083697 1195.74193526405 949.379252065257
981.081216532681 1249.60368233017 824.814942737163 1009.54980308504 947.789489991334 1029.1251672393 1029.96490456336 872.71058819033 1085.74375463121 877.525522326567 851.162394744102 1110.35451949729 933.898654625152 988.454194568934 732.48521443581 1098.47055083169 1047.65794110818 860.673204563881 997.955095158753 846.359017797682 1018.81328896657 794.365763741864 1053.27980766139 924.03763279653 944.96383798635 1104.51884991215 1043.79535855631 940.040176210295 948.930946625905 958.753229261596 984.696403871475 1026.78930956738 1032.65678735993 1033.76007845295 864.423222106779 1111.56662129818 963.702335120367 1086.32908465988 874.609673430041 914.709629038138 870.074554928952 1166.65912100845 903.976619985831 982.412804132405 1011.15020677208 993.928917481053
801.214872582712 971.495065354622 885.254245549874 948.604649491023 1000.26921938253 1059.77616315099 906.07343013949 894.722432096961 920.995718656441 988.501592127733 1117.52829847152 953.506082013928 980.678064900405 1056.9477349586 980.190002651186 983.464929139162 1163.56614391772 924.94829554313 980.812117707903 849.150288948016 1112.41258872022 1014.80439626681 1133.65409987772 922.124296339694 879.533583020705 914.118667789265 1235.67287124013 1037.71011413307 986.724797444496 1185.12101735275 1143.94457433175 937.998603359326 1225.37643219741 952.902030344816 1088.32306699132 1052.33756307826 898.779694882449 1114.03207834554 825.260156779399 947.95912515777 959.273625471462 1186.95612503031 1096.25087524898 1010.31878654809 900.861767468927 946.84774424233
1253.73625777963 1028.40198888626 858.111478800236 867.540246550504 923.877574759734 1000.82663619514 1023.25936323853 1109.57770742681 973.187435998039 1112.98312535328 994.456493719918 1065.92802994244 1239.32757205727 968.558927983705 1033.06649329814 930.908131528141 1114.49298381718 1061.98211813708 944.546669958384 1144.13740022846 1119.11101214927 967.423061860638 929.15534918509 923.133917375813 957.431984792003 815.174314866626 899.444201372087 822.096339058152 1102.05626731906 1009.54880691309 1120.93412780529 866.559206063805 900.7737514969 1085.89603008022 924.31474780289 890.165001815078 1204.13914789509 885.058126545961 1150.25410661353 1006.79655331652 1039.97782372689 1035.81268164582 930.349272806961 1078.05189132187 1001.06602556141 1032.1971972801
995.67531008068 1085.34615769349 1027.24778526372 1007.55488409771 1238.55127257101 1250.33629054062 1173.16497911927 866.846317269384 898.61302678719 1011.47117119679 960.632997620611 984.976051969001 1167.21800643349 973.30546419231 780.174066394004 1007.95288630009 1040.08534318685 1089.46615159608 893.224584130265 1071.01787198827 774.7641169313 1109.72861182333 1212.73875516725 884.637268984548 964.11998275557 916.395465665267 984.832556582008 979.484973606417 1150.35495698891 1001.46690647513 877.940428497991 1000.91463353029 975.6023819628 1041.71073715732 929.296627228324 1006.43055310382 990.40075583071 813.116258543947 929.700472699217 875.949162355677 995.380681369649 1236.49664920684 1069.57281383341 990.899624249453 1139.46587805555 1048.30391442033
1066.39374770996 1142.20312064866 1146.23930498353 900.916997754708 1091.48570986666 989.046287486852 846.697247841662 971.551325896666 962.15201688608 993.04460416489 969.056123415907 1001.82138723469 1067.60195969632 875.763643402791 1202.24059814447 1047.61400134648 1056.29536691515 931.813364637332 1026.51516383013 762.500754425816 1056.51268616423 960.334027420287 1018.62998628561 843.625964899811 1080.40039431578 992.451714814376 968.14394607531 845.732583344971 874.984437466403 969.489778137061 840.407749093671 990.523955250263 885.777304662147 924.634701540725 1124.7846428555 987.54523722332 927.045172803918 1306.74843946325 1122.16072132687 927.155597278041 1039.56720102753 1153.92970702051 957.861749055633 882.660440738446 1071.91267365015 938.234541221688
1022.76834109309 927.708628979504 1083.95757403948 842.639526250391 959.436080227639 899.590764082535 1159.61086220109 1160.42840887219 1059.14528964467 968.844319597351 898.663922836642 1074.5687894302 974.374640107786 1068.55020764195 843.928811273991 1073.3084720227 731.686784569736 1161.83029393407 1045.18979216575 887.915699859223 1128.68084479011 978.253585615062 1030.72614714228 870.968401302672 853.924327363402 989.858894129439 906.39841674045 1242.19408468041 971.950250205026 1170.45474543814 1122.78709856603 880.969854700675 1107.41616930074 782.74594591263 1029.1226376991 1135.54537484093 970.090827716077 908.370374003124 1003.07516766671 1150.60405636994 986.64432898307 945.403826019236 943.519720087251 723.802482514128 1055.78877408398 971.665528203628
971.921332025568 928.893028104178 1199.16476732402 1015.62791352984 1225.13608302551 1018.54735704919 1137.03430544076 907.029445468052 1024.33583089558 1047.43577503441 1021.7338456918 986.221899321149 989.30649463464 1088.58180419895 943.769266880804 1164.03541388621 1041.50474479189 1025.81186584626 1217.06205871061 1039.60319277192 1166.69772531 981.225266858198 1048.03493859075 1079.06961591433 943.499628547815 1126.61323114508 1137.99715653579 1023.22454349059 858.731406176928 1091.91039647479 977.145839780047 983.876302353406 931.789199505246 1173.00974958819 1106.23567800142 961.783971737728 997.192163272184 736.660456199498 1062.98818164118 806.035887559473 1020.30831793487 802.08075307404 1065.79495945433 805.483752340605 967.624477358152 1037.7327797218
1065.38372728492 822.128138751085 989.084726205732 1024.60825255351 1159.28316662726 990.452190053779 1009.86611786434 1079.17698750098 1084.91636880966 889.822265623242 958.484657351796 1017.61874153933 996.98892589291 1144.41685646691 984.370794460012 994.117211830044 819.627652227844 1008.42164436791 992.196961733075 1020.35729143394 1061.94896655643 1167.22725851144 1005.16300605887 942.489026224451 1095.79678931866 951.216536670526 868.881601163829 829.455492616567 1105.34505896353 1025.93224535563 875.826584921483 912.805674794429 1033.54899707155 1088.99122492296 1033.28672777604 1147.54264110396 1068.02353384162 864.90734601707 964.867960406182 771.27993161968 1168.71510403336 1064.48290789498 852.477944327145 1207.84833628812 1042.95472921289 1021.1456193364
997.204281728912 986.685785406737 998.100733470144 841.166567104226 950.028520009828 1233.00571970015 1105.13377535722 1124.67043583798 1016.37159253564 1058.24148626924 995.239102085724 1016.33206361346 825.356838706252 943.092449874462 880.786610080916 963.532574590044 927.162449494425 943.59386770461 788.834375932259 1199.69553249503 1003.29366355652 1102.51470416495 1048.22025603078 940.925035746816 991.632725604307 1196.2590331534 767.313468969641 1092.67399761601 1092.3681969381 931.966542588874 1125.86204189415 997.290582914842 918.463729913379 1227.98475005728 1150.376414892 1072.83195661763 987.297666326982 1145.84592934041 1104.7032161105 1032.89320839608 1109.71570216082 998.078944088935 1064.58642740653 1153.49117276582 1141.6640831828 961.732972766161
1117.92457092784 1035.45591711771 962.892373673329 1023.48855736388 970.270899550229 864.622724986155 985.482697377083 1099.56763336566 1001.1534092376 1100.46524097136 952.573823199858 1107.05753091503 933.521816802574 972.45536627276 1020.17281261356 1106.43112429329 1112.45707029489 999.892493475376 998.183309804128 921.204677961418 1133.6218209051 964.385464847157 965.97349147945 908.566234836607 961.110982570822 664.507320209344 968.963040298467 940.050117776681 824.786175660208 985.386879594166 1054.31897506793 1064.5898911952 1041.843084946 1002.63616529561 1030.75031158327 1036.14071313471 1103.66883842453 896.499089363689 927.857264782351 1149.9011471066 1038.53122387648 897.219250788006 1007.04899529767 964.77017809272 962.832754514817 943.924222935502
874.658289247738 999.170475333353 1075.94462911969 928.78153040782 786.473876192664 1099.14187256722 909.980897257148 1050.08448774578 893.72229855045 981.41711751367 1026.1476612223 974.130800447469 1009.78560536584 749.807919588338 904.035752673163 1015.29196323079 1004.60926455226 986.067787380847 970.750079645825 941.226064671891 1108.60338661315 1078.34694193132 822.25502345219 993.6023318583 1152.67504320315 1086.72224502613 1051.52710511702 898.640858638847 802.41989514893 794.180328656621 942.496797157746 1026.8891750031 1007.22856538075 977.408583917738 798.670464170239 840.062192735028 1050.77290389114 938.743535275182 1040.09959653669 1003.46245657942 994.763704657357 853.869819565532 1148.71189968178 965.657507412614 1037.29015795978 965.045620975969
929.154546250629 981.719305362665 1183.72167246507 955.478271470345 1269.12190529379 945.399289654549 1152.75498460082 908.756018477574 891.465028320582 1074.73248167194 1048.92111808961 973.456952414954 1129.24789253748 1047.40994604307 986.570222873515 1085.9201594716 835.287300399979 943.351002214593 988.913431558349 932.153306125189 973.486955739971 1086.53251526831 1029.45745548066 917.932867134541 946.113483280628 950.017564800856 915.55682082373 948.937191635152 1168.84885625741 861.553575291895 954.777917090989 928.734331649554 940.733015861078 1092.04560576786 1046.6295324703 910.054893730823 944.56191752544 1104.42821103869 822.258286469491 959.53782042409 1022.17695694259 1044.04394533054 971.516836737569 996.698204663225 830.695434545599 1073.97215303725
983.736308939237 952.629090392086 1128.30357356618 931.609164395985 1072.23334918653 950.384249780764 972.050573111071 917.571282045896 885.550008087516 1008.53464900445 1047.1470768952 1185.38834235937 1006.38108634124 996.993085691454 1136.80931393846 1026.45169189192 939.950268375435 841.089610522934 1137.10458973011 1027.28528627077 975.956589854583 997.878265033466 961.32961786089 1029.93474555752 1178.66835219428 904.55027253738 1149.02116061805 815.395561942037 1153.64663771903 845.871684458574 967.686902532238 973.05727284615 977.282586688999 1153.6967207282 882.447638837176 1005.73729947066 1016.80984237088 1046.84497330848 911.101020171572 930.04702086857 991.785969356329 820.572035945298 1043.57893281074 1010.89120526369 1149.39945932641 905.978310397887
